# N=999  D=15  Area=100
# id x y
0 50 50
1 59 65
2 45 98
3 48 47
4 31 66
5 12 19
6 7 50
7 10 22
8 74 77
9 70 9
10 22 1
11 44 81
12 10 84
13 27 92
14 60 59
15 3 49
16 62 84
17 85 80
18 70 19
19 37 50
20 49 5
21 75 32
22 82 75
23 22 70
24 3 38
25 17 97
26 82 78
27 97 94
28 44 45
29 51 100
30 70 97
31 29 10
32 80 13
33 36 35
34 62 90
35 49 99
36 77 48
37 42 24
38 3 26
39 34 32
40 91 55
41 2 53
42 90 31
43 98 86
44 61 5
45 28 82
46 63 85
47 42 35
48 98 23
49 20 45
50 35 16
51 10 15
52 64 79
53 99 11
54 39 63
55 65 96
56 37 59
57 36 75
58 53 94
59 14 89
60 11 42
61 50 7
62 97 60
63 26 4
64 68 12
65 38 44
66 62 60
67 17 61
68 97 80
69 4 92
70 75 72
71 66 38
72 52 74
73 11 68
74 56 17
75 78 44
76 75 53
77 14 3
78 72 33
79 38 61
80 11 4
81 82 21
82 64 10
83 57 10
84 59 27
85 15 13
86 47 28
87 44 64
88 48 37
89 6 49
90 26 68
91 60 32
92 60 8
93 13 29
94 70 33
95 25 14
96 97 95
97 100 19
98 27 1
99 5 54
100 68 73
101 64 34
102 64 69
103 16 50
104 98 89
105 86 90
106 94 59
107 51 29
108 91 11
109 41 23
110 30 33
111 90 54
112 70 18
113 38 33
114 49 79
115 8 100
116 14 63
117 72 31
118 49 29
119 11 77
120 6 98
121 12 33
122 76 100
123 9 34
124 69 12
125 33 8
126 52 66
127 71 43
128 52 85
129 27 56
130 54 73
131 18 51
132 93 71
133 78 65
134 35 89
135 12 68
136 77 43
137 5 37
138 79 47
139 71 54
140 26 45
141 17 42
142 8 52
143 12 11
144 98 31
145 3 87
146 80 24
147 89 20
148 83 28
149 76 31
150 100 1
151 98 94
152 29 3
153 16 21
154 76 89
155 35 95
156 95 30
157 16 87
158 96 60
159 67 95
160 22 59
161 59 71
162 83 59
163 25 64
164 27 54
165 65 85
166 20 48
167 52 5
168 93 40
169 56 19
170 67 43
171 30 41
172 30 52
173 32 5
174 88 100
175 19 1
176 41 14
177 18 39
178 12 86
179 60 27
180 60 91
181 99 96
182 42 65
183 58 14
184 34 45
185 84 53
186 16 51
187 98 79
188 72 6
189 64 57
190 57 7
191 81 99
192 54 12
193 64 89
194 60 74
195 20 41
196 77 39
197 22 88
198 25 7
199 19 34
200 90 56
201 66 42
202 7 20
203 63 17
204 56 62
205 96 65
206 11 48
207 15 28
208 25 61
209 23 66
210 53 46
211 46 93
212 14 43
213 16 47
214 2 79
215 76 70
216 2 10
217 86 67
218 37 44
219 54 9
220 65 80
221 94 91
222 64 15
223 84 30
224 4 98
225 28 36
226 44 56
227 62 72
228 86 86
229 35 53
230 87 90
231 54 15
232 59 12
233 9 98
234 36 47
235 55 63
236 56 16
237 24 71
238 52 94
239 4 64
240 21 79
241 46 44
242 11 86
243 93 15
244 57 26
245 42 6
246 99 93
247 7 41
248 58 30
249 97 59
250 65 21
251 60 48
252 90 26
253 58 94
254 68 42
255 3 64
256 61 31
257 52 58
258 82 44
259 51 95
260 42 63
261 47 96
262 76 81
263 4 9
264 10 23
265 15 73
266 53 44
267 47 92
268 55 96
269 78 81
270 81 62
271 55 46
272 64 60
273 62 89
274 61 3
275 50 19
276 41 33
277 93 74
278 85 61
279 79 51
280 61 76
281 32 96
282 88 2
283 46 82
284 36 13
285 35 27
286 74 52
287 59 89
288 14 69
289 15 44
290 73 90
291 40 92
292 67 73
293 38 82
294 16 44
295 87 78
296 11 14
297 52 88
298 17 50
299 64 77
300 86 43
301 45 17
302 86 89
303 85 92
304 23 29
305 88 66
306 40 77
307 17 9
308 82 82
309 45 22
310 12 75
311 12 55
312 93 60
313 53 99
314 86 23
315 40 99
316 25 18
317 41 64
318 29 48
319 17 35
320 9 63
321 87 16
322 73 22
323 64 76
324 2 66
325 13 8
326 98 41
327 97 87
328 12 5
329 65 26
330 93 37
331 11 13
332 16 37
333 15 93
334 3 56
335 78 26
336 41 68
337 85 85
338 16 25
339 58 5
340 24 29
341 91 7
342 48 62
343 40 72
344 20 20
345 49 11
346 19 52
347 41 92
348 59 98
349 12 65
350 91 83
351 88 51
352 62 95
353 13 94
354 67 69
355 6 2
356 73 96
357 46 72
358 77 44
359 76 0
360 13 21
361 50 69
362 44 5
363 61 65
364 71 56
365 94 28
366 59 93
367 52 84
368 43 91
369 4 14
370 31 27
371 42 84
372 11 36
373 92 18
374 35 97
375 11 27
376 67 54
377 21 10
378 75 45
379 100 35
380 42 97
381 10 79
382 75 18
383 80 80
384 34 40
385 16 19
386 11 58
387 12 35
388 26 20
389 84 89
390 88 9
391 13 0
392 61 7
393 55 28
394 82 66
395 28 32
396 78 5
397 65 41
398 86 99
399 48 6
400 84 7
401 43 49
402 25 74
403 75 26
404 3 76
405 90 29
406 41 8
407 36 95
408 13 81
409 46 43
410 68 88
411 89 47
412 56 55
413 13 75
414 15 48
415 57 88
416 92 9
417 97 93
418 87 43
419 26 8
420 83 93
421 83 76
422 73 89
423 30 77
424 66 98
425 79 59
426 14 37
427 99 56
428 60 5
429 38 58
430 33 60
431 88 76
432 15 71
433 22 12
434 37 29
435 8 15
436 2 85
437 87 93
438 36 62
439 64 44
440 13 92
441 39 18
442 7 61
443 28 15
444 93 77
445 84 93
446 65 65
447 69 30
448 22 93
449 51 58
450 69 24
451 19 56
452 76 12
453 30 13
454 14 54
455 21 16
456 37 78
457 79 68
458 98 42
459 21 44
460 86 64
461 94 20
462 55 2
463 89 65
464 23 36
465 19 66
466 37 82
467 38 48
468 54 66
469 1 72
470 2 47
471 32 6
472 73 77
473 83 96
474 2 100
475 2 54
476 16 30
477 62 47
478 9 94
479 18 45
480 39 77
481 38 97
482 11 100
483 49 77
484 57 73
485 28 59
486 18 90
487 37 33
488 16 3
489 30 53
490 33 98
491 37 58
492 91 80
493 21 75
494 60 85
495 70 89
496 38 50
497 30 62
498 31 89
499 48 65
500 54 59
501 92 2
502 69 43
503 67 20
504 9 17
505 40 15
506 18 57
507 27 35
508 58 38
509 82 39
510 57 25
511 34 79
512 79 63
513 46 90
514 66 61
515 64 51
516 9 2
517 17 84
518 1 66
519 92 80
520 69 84
521 16 60
522 88 36
523 99 32
524 98 5
525 52 71
526 3 93
527 12 73
528 45 52
529 97 76
530 11 10
531 81 13
532 38 65
533 56 13
534 4 42
535 2 11
536 84 85
537 47 35
538 57 60
539 93 89
540 10 51
541 91 75
542 83 39
543 23 87
544 88 87
545 17 31
546 67 42
547 12 42
548 69 90
549 14 84
550 22 50
551 68 100
552 82 20
553 88 25
554 98 13
555 14 98
556 40 2
557 80 25
558 60 18
559 37 9
560 55 33
561 70 93
562 17 81
563 32 32
564 27 3
565 27 70
566 72 13
567 36 23
568 49 32
569 44 20
570 87 69
571 85 81
572 96 31
573 43 31
574 39 92
575 50 28
576 5 7
577 50 84
578 83 22
579 67 3
580 39 15
581 84 48
582 62 46
583 95 0
584 31 9
585 37 2
586 28 3
587 28 9
588 2 94
589 69 26
590 20 22
591 41 16
592 22 47
593 15 61
594 90 44
595 0 92
596 13 12
597 30 28
598 97 83
599 41 29
600 21 43
601 15 36
602 63 55
603 29 49
604 5 30
605 38 11
606 20 26
607 21 58
608 45 0
609 98 28
610 0 49
611 54 20
612 100 6
613 77 13
614 70 29
615 50 81
616 57 38
617 14 10
618 39 53
619 39 28
620 23 96
621 62 28
622 24 96
623 48 0
624 36 55
625 70 20
626 63 62
627 100 52
628 13 87
629 74 74
630 91 15
631 12 17
632 71 62
633 71 10
634 47 61
635 31 64
636 100 43
637 15 4
638 1 46
639 1 22
640 64 27
641 57 37
642 49 64
643 79 71
644 54 53
645 86 15
646 43 4
647 62 61
648 9 71
649 94 23
650 72 53
651 50 13
652 49 86
653 4 41
654 92 14
655 1 87
656 75 79
657 18 65
658 36 79
659 36 73
660 38 12
661 73 6
662 88 50
663 95 58
664 31 91
665 78 13
666 22 77
667 38 4
668 68 60
669 86 52
670 94 25
671 0 69
672 66 21
673 55 34
674 26 65
675 70 6
676 49 60
677 34 90
678 39 58
679 18 77
680 84 99
681 97 61
682 54 97
683 31 62
684 10 30
685 7 1
686 75 67
687 52 95
688 91 70
689 71 60
690 50 36
691 67 63
692 100 85
693 68 81
694 47 16
695 39 32
696 87 11
697 7 31
698 12 77
699 56 27
700 100 50
701 83 63
702 28 67
703 25 81
704 87 6
705 71 98
706 78 99
707 76 97
708 57 98
709 14 61
710 33 76
711 76 87
712 3 88
713 9 48
714 7 60
715 69 68
716 57 31
717 62 1
718 56 66
719 45 41
720 62 55
721 16 53
722 93 65
723 42 23
724 57 84
725 49 49
726 94 83
727 51 49
728 82 84
729 41 71
730 74 9
731 66 88
732 70 65
733 66 97
734 9 33
735 45 13
736 58 67
737 1 34
738 68 30
739 4 46
740 28 16
741 19 84
742 93 28
743 9 16
744 34 30
745 47 12
746 19 62
747 55 100
748 49 22
749 45 58
750 65 40
751 94 94
752 34 26
753 1 39
754 43 45
755 57 54
756 0 44
757 11 64
758 63 30
759 70 52
760 2 74
761 27 85
762 78 59
763 60 46
764 67 14
765 15 8
766 86 42
767 50 63
768 87 31
769 1 14
770 18 55
771 87 56
772 4 55
773 86 3
774 82 74
775 96 96
776 48 49
777 12 74
778 65 49
779 16 39
780 1 88
781 30 16
782 79 25
783 42 58
784 52 48
785 23 80
786 37 35
787 81 19
788 67 13
789 56 34
790 77 9
791 30 5
792 28 39
793 50 20
794 57 8
795 81 65
796 81 85
797 22 0
798 24 45
799 8 81
800 45 80
801 88 73
802 27 63
803 63 96
804 75 62
805 35 93
806 86 70
807 32 18
808 92 41
809 35 85
810 22 27
811 40 51
812 35 66
813 45 7
814 84 12
815 36 94
816 53 64
817 9 58
818 87 75
819 14 23
820 52 9
821 10 10
822 48 18
823 44 9
824 8 92
825 25 26
826 7 75
827 32 62
828 54 79
829 56 26
830 56 85
831 69 89
832 17 48
833 58 3
834 97 12
835 73 69
836 93 94
837 96 7
838 1 99
839 41 77
840 40 88
841 55 66
842 22 46
843 15 27
844 64 59
845 50 40
846 95 2
847 91 54
848 51 44
849 92 15
850 36 27
851 34 52
852 69 55
853 37 10
854 81 4
855 45 56
856 63 14
857 43 98
858 50 11
859 70 2
860 0 16
861 11 43
862 35 26
863 76 24
864 1 1
865 5 34
866 6 38
867 62 94
868 99 74
869 59 6
870 33 71
871 24 95
872 31 45
873 14 7
874 68 63
875 70 59
876 30 40
877 27 90
878 99 67
879 93 92
880 13 62
881 40 4
882 9 11
883 36 43
884 21 73
885 68 13
886 92 28
887 90 46
888 42 68
889 2 91
890 74 81
891 54 63
892 31 17
893 79 3
894 79 98
895 21 45
896 35 71
897 18 92
898 6 53
899 27 74
900 37 66
901 30 6
902 90 93
903 58 100
904 2 14
905 29 31
906 20 16
907 72 42
908 49 67
909 19 49
910 83 55
911 47 94
912 7 51
913 57 27
914 59 33
915 86 33
916 33 72
917 92 88
918 58 95
919 17 34
920 70 23
921 44 17
922 35 33
923 40 24
924 75 73
925 78 76
926 52 70
927 40 56
928 31 5
929 34 62
930 12 9
931 46 76
932 90 65
933 61 93
934 4 39
935 86 61
936 78 34
937 36 93
938 22 35
939 41 0
940 15 80
941 29 84
942 70 80
943 78 91
944 83 45
945 16 45
946 85 96
947 14 5
948 25 30
949 35 49
950 71 9
951 98 9
952 86 48
953 58 68
954 36 30
955 31 60
956 84 26
957 8 71
958 9 29
959 29 52
960 30 17
961 1 51
962 7 22
963 32 34
964 35 90
965 43 73
966 97 1
967 29 70
968 66 59
969 22 63
970 96 93
971 62 13
972 54 75
973 52 22
974 42 8
975 33 97
976 14 75
977 77 46
978 62 23
979 37 31
980 61 99
981 82 18
982 49 10
983 88 24
984 4 63
985 66 84
986 31 72
987 3 99
988 57 86
989 71 67
990 66 40
991 61 17
992 20 29
993 5 85
994 91 40
995 64 62
996 1 50
997 48 46
998 47 1
