# N=999  D=15  Area=100
# id x y
0 50 50
1 51 37
2 57 39
3 52 54
4 61 54
5 0 49
6 5 92
7 27 36
8 98 70
9 71 62
10 53 79
11 50 87
12 82 71
13 97 16
14 67 47
15 17 35
16 99 84
17 67 38
18 40 49
19 43 63
20 20 87
21 80 48
22 71 80
23 4 5
24 88 55
25 41 54
26 63 57
27 33 95
28 93 65
29 81 70
30 40 26
31 45 17
32 45 78
33 69 72
34 58 94
35 81 2
36 27 64
37 26 35
38 74 22
39 62 63
40 54 37
41 59 69
42 64 24
43 7 3
44 99 81
45 16 30
46 19 48
47 90 65
48 10 71
49 39 85
50 25 3
51 28 6
52 75 72
53 8 52
54 74 96
55 82 66
56 11 13
57 30 74
58 70 8
59 5 79
60 93 97
61 19 100
62 37 98
63 49 62
64 15 54
65 83 8
66 60 77
67 100 82
68 35 88
69 6 97
70 3 69
71 48 75
72 28 23
73 28 2
74 52 73
75 85 6
76 16 27
77 45 90
78 33 50
79 88 94
80 88 47
81 35 23
82 39 81
83 22 7
84 50 16
85 47 71
86 20 43
87 35 40
88 6 2
89 36 60
90 1 34
91 11 95
92 13 52
93 52 15
94 18 11
95 67 5
96 19 3
97 2 30
98 68 26
99 39 61
100 79 26
101 45 84
102 73 56
103 6 42
104 44 19
105 26 82
106 16 69
107 18 1
108 29 82
109 88 66
110 30 80
111 100 61
112 21 98
113 3 59
114 85 29
115 74 17
116 24 19
117 77 74
118 30 53
119 30 44
120 24 92
121 43 59
122 86 72
123 91 10
124 28 94
125 19 93
126 48 99
127 3 30
128 85 23
129 14 38
130 60 54
131 88 5
132 52 41
133 21 38
134 95 65
135 32 14
136 87 26
137 15 49
138 84 14
139 48 7
140 47 1
141 86 36
142 7 25
143 72 61
144 24 14
145 44 52
146 33 35
147 7 39
148 44 77
149 45 54
150 8 97
151 8 14
152 32 61
153 50 38
154 4 25
155 96 72
156 27 63
157 5 81
158 38 53
159 45 40
160 56 83
161 69 7
162 29 45
163 4 75
164 61 87
165 18 98
166 71 76
167 7 57
168 92 10
169 53 51
170 36 71
171 36 84
172 29 91
173 79 100
174 41 70
175 69 57
176 77 54
177 50 37
178 1 5
179 71 45
180 42 50
181 47 80
182 8 73
183 35 59
184 14 19
185 48 64
186 34 22
187 89 10
188 13 67
189 76 95
190 50 43
191 61 70
192 23 64
193 27 4
194 15 85
195 62 73
196 14 46
197 18 27
198 7 79
199 77 38
200 79 0
201 76 32
202 6 78
203 4 35
204 70 16
205 49 9
206 95 22
207 6 53
208 36 74
209 25 53
210 9 3
211 99 92
212 52 36
213 75 77
214 21 53
215 45 11
216 60 13
217 95 62
218 26 31
219 37 85
220 88 93
221 43 50
222 36 41
223 80 71
224 74 54
225 73 25
226 30 86
227 13 28
228 56 2
229 27 41
230 17 82
231 87 2
232 78 74
233 73 1
234 78 62
235 76 79
236 72 74
237 82 12
238 36 55
239 0 45
240 67 59
241 3 50
242 28 82
243 33 13
244 96 97
245 22 66
246 10 14
247 22 59
248 90 7
249 19 34
250 71 81
251 45 35
252 73 64
253 60 40
254 37 72
255 100 31
256 43 30
257 78 93
258 63 86
259 39 47
260 54 4
261 47 74
262 55 73
263 2 40
264 86 27
265 99 52
266 75 78
267 25 42
268 97 68
269 5 60
270 51 88
271 83 90
272 61 79
273 100 51
274 28 65
275 3 79
276 86 90
277 15 12
278 75 39
279 56 47
280 7 67
281 93 54
282 80 94
283 64 39
284 92 62
285 75 58
286 16 95
287 54 82
288 48 82
289 38 68
290 0 28
291 83 16
292 68 60
293 99 75
294 1 91
295 87 39
296 38 7
297 37 67
298 34 81
299 0 43
300 7 22
301 13 48
302 42 92
303 26 14
304 39 63
305 69 94
306 71 98
307 7 36
308 85 80
309 21 69
310 31 81
311 18 82
312 62 35
313 35 97
314 73 80
315 19 35
316 22 54
317 83 35
318 21 57
319 97 100
320 0 17
321 65 84
322 29 57
323 23 33
324 28 31
325 15 19
326 13 49
327 46 6
328 82 35
329 34 75
330 11 57
331 31 8
332 47 95
333 43 82
334 37 65
335 68 40
336 52 100
337 81 63
338 81 21
339 13 50
340 61 4
341 34 69
342 91 68
343 22 33
344 97 70
345 78 8
346 81 99
347 30 54
348 36 27
349 18 72
350 81 9
351 57 74
352 0 99
353 53 37
354 29 3
355 10 79
356 80 52
357 62 69
358 68 25
359 35 7
360 73 78
361 96 10
362 62 17
363 47 85
364 56 16
365 58 29
366 12 33
367 54 3
368 69 97
369 48 29
370 64 87
371 83 93
372 82 100
373 42 75
374 10 40
375 25 70
376 26 89
377 12 27
378 91 2
379 31 3
380 19 39
381 85 79
382 90 39
383 14 85
384 85 99
385 75 21
386 69 77
387 51 34
388 10 78
389 30 63
390 69 98
391 81 20
392 77 82
393 97 72
394 36 19
395 39 35
396 32 91
397 71 46
398 49 7
399 79 98
400 68 75
401 71 47
402 60 34
403 26 13
404 99 40
405 33 82
406 21 100
407 15 74
408 90 13
409 11 46
410 82 17
411 46 34
412 98 72
413 32 29
414 83 47
415 90 12
416 7 91
417 80 25
418 96 13
419 52 46
420 1 36
421 2 24
422 24 50
423 42 67
424 42 34
425 79 83
426 90 44
427 97 96
428 74 94
429 3 23
430 74 59
431 48 10
432 1 66
433 27 51
434 36 89
435 97 69
436 19 30
437 4 48
438 59 89
439 91 30
440 79 18
441 51 93
442 37 0
443 47 70
444 32 17
445 42 99
446 24 52
447 90 72
448 90 87
449 53 11
450 82 5
451 59 54
452 93 67
453 18 44
454 75 54
455 26 20
456 100 84
457 22 25
458 16 86
459 44 67
460 100 88
461 69 64
462 56 95
463 59 78
464 29 25
465 37 34
466 45 100
467 11 37
468 85 45
469 11 43
470 54 9
471 31 18
472 85 20
473 52 98
474 87 28
475 73 67
476 56 35
477 50 64
478 1 95
479 32 70
480 1 6
481 70 9
482 76 86
483 22 81
484 80 74
485 11 34
486 17 55
487 41 10
488 69 56
489 77 87
490 50 72
491 45 56
492 36 17
493 20 98
494 53 36
495 50 42
496 45 15
497 66 34
498 82 4
499 89 98
500 36 80
501 7 23
502 87 6
503 12 50
504 100 11
505 82 67
506 91 34
507 46 51
508 27 28
509 20 55
510 7 69
511 86 21
512 33 38
513 98 31
514 18 25
515 51 87
516 22 2
517 30 21
518 48 94
519 40 8
520 94 26
521 13 72
522 58 25
523 54 49
524 81 6
525 80 91
526 89 25
527 1 55
528 18 69
529 19 59
530 30 26
531 22 56
532 7 31
533 34 42
534 99 90
535 78 4
536 63 24
537 85 69
538 100 35
539 66 78
540 96 50
541 31 88
542 3 0
543 3 56
544 31 90
545 24 65
546 59 34
547 80 26
548 7 51
549 74 10
550 76 16
551 61 52
552 23 89
553 55 38
554 54 51
555 21 9
556 17 23
557 50 36
558 15 83
559 78 41
560 78 21
561 20 88
562 95 53
563 62 13
564 21 6
565 15 2
566 37 73
567 1 50
568 28 59
569 14 56
570 92 95
571 71 41
572 3 27
573 93 57
574 95 85
575 47 83
576 65 33
577 51 60
578 48 77
579 89 66
580 100 65
581 1 71
582 5 9
583 83 64
584 55 29
585 91 18
586 23 7
587 81 68
588 53 28
589 30 56
590 46 55
591 86 42
592 82 38
593 37 81
594 41 4
595 55 7
596 64 48
597 58 42
598 36 75
599 74 43
600 7 61
601 4 98
602 26 42
603 27 48
604 30 34
605 23 27
606 72 62
607 90 82
608 68 56
609 69 11
610 70 68
611 17 11
612 20 35
613 8 42
614 99 96
615 36 47
616 24 48
617 10 59
618 14 65
619 74 46
620 22 14
621 1 88
622 48 38
623 54 12
624 43 47
625 39 79
626 1 43
627 87 17
628 37 86
629 48 69
630 100 89
631 14 16
632 41 51
633 71 77
634 48 14
635 32 54
636 86 94
637 45 48
638 56 25
639 36 65
640 87 78
641 52 21
642 6 99
643 43 64
644 83 17
645 3 10
646 59 18
647 52 52
648 11 85
649 69 48
650 35 16
651 66 86
652 70 69
653 37 20
654 40 13
655 32 81
656 79 68
657 55 48
658 29 80
659 69 25
660 96 73
661 35 28
662 45 91
663 50 54
664 12 4
665 64 14
666 49 76
667 24 81
668 77 42
669 74 67
670 67 24
671 19 97
672 20 75
673 79 66
674 35 44
675 19 73
676 71 13
677 44 5
678 9 41
679 74 95
680 75 93
681 18 37
682 67 99
683 12 16
684 39 73
685 54 50
686 3 58
687 50 19
688 4 52
689 21 94
690 34 40
691 96 65
692 30 40
693 54 21
694 7 14
695 40 99
696 74 56
697 26 47
698 64 0
699 84 63
700 30 16
701 59 9
702 84 61
703 7 12
704 11 67
705 17 41
706 80 49
707 69 14
708 29 21
709 68 8
710 81 28
711 20 39
712 43 9
713 29 32
714 77 80
715 99 93
716 1 68
717 28 87
718 48 45
719 33 5
720 25 2
721 56 71
722 63 78
723 12 79
724 92 86
725 62 53
726 42 48
727 28 20
728 21 77
729 6 37
730 2 75
731 73 36
732 80 24
733 51 75
734 61 1
735 32 87
736 77 68
737 55 5
738 28 0
739 34 80
740 39 41
741 78 66
742 60 76
743 9 47
744 42 40
745 81 7
746 23 67
747 21 3
748 20 26
749 84 8
750 78 85
751 88 56
752 53 82
753 41 9
754 0 9
755 56 23
756 29 6
757 32 7
758 71 71
759 23 95
760 73 53
761 54 0
762 19 36
763 88 16
764 10 23
765 77 48
766 19 72
767 66 20
768 73 16
769 20 13
770 89 84
771 53 43
772 0 27
773 16 32
774 60 26
775 70 83
776 74 48
777 89 52
778 8 48
779 6 44
780 15 21
781 10 92
782 48 90
783 5 13
784 80 62
785 5 3
786 7 54
787 20 40
788 84 90
789 64 55
790 24 2
791 81 51
792 18 63
793 18 48
794 4 40
795 30 67
796 58 43
797 44 32
798 9 69
799 41 36
800 93 83
801 5 56
802 17 95
803 72 98
804 46 39
805 64 75
806 24 100
807 66 5
808 89 62
809 10 95
810 18 75
811 92 89
812 9 49
813 44 33
814 47 59
815 8 93
816 60 9
817 43 39
818 96 91
819 20 57
820 19 6
821 69 19
822 0 6
823 64 64
824 13 46
825 62 93
826 57 12
827 85 87
828 90 1
829 18 83
830 93 43
831 12 46
832 85 41
833 70 29
834 31 65
835 87 23
836 99 71
837 20 60
838 49 14
839 79 10
840 2 62
841 56 100
842 2 44
843 77 25
844 38 95
845 53 67
846 42 6
847 71 16
848 7 43
849 12 54
850 98 74
851 73 72
852 38 52
853 5 49
854 51 6
855 25 68
856 37 76
857 8 71
858 97 2
859 16 56
860 73 60
861 56 74
862 90 74
863 63 6
864 33 89
865 68 41
866 4 38
867 76 47
868 6 63
869 58 28
870 33 60
871 56 50
872 49 31
873 76 39
874 55 77
875 12 61
876 10 36
877 69 4
878 64 7
879 93 73
880 8 70
881 93 3
882 78 20
883 60 93
884 23 70
885 31 41
886 33 74
887 86 52
888 22 86
889 73 28
890 85 90
891 3 40
892 83 0
893 70 89
894 5 14
895 60 14
896 14 53
897 97 42
898 26 28
899 75 61
900 58 96
901 37 10
902 69 16
903 80 66
904 49 71
905 36 23
906 89 83
907 85 73
908 22 74
909 65 3
910 54 10
911 10 75
912 41 56
913 33 1
914 66 10
915 92 19
916 36 15
917 38 90
918 16 88
919 44 30
920 99 76
921 39 18
922 40 44
923 12 68
924 5 88
925 90 40
926 58 77
927 13 24
928 25 48
929 88 7
930 38 87
931 37 58
932 29 42
933 99 34
934 6 45
935 33 32
936 20 78
937 51 54
938 62 96
939 13 81
940 82 61
941 28 70
942 80 96
943 82 90
944 71 24
945 79 23
946 62 34
947 69 41
948 85 77
949 73 38
950 0 2
951 75 32
952 58 35
953 15 31
954 52 71
955 94 92
956 42 3
957 90 34
958 31 53
959 9 67
960 84 18
961 67 37
962 11 89
963 59 7
964 43 74
965 94 100
966 52 5
967 85 82
968 52 32
969 18 79
970 65 66
971 43 96
972 25 11
973 88 72
974 5 99
975 17 72
976 51 92
977 91 8
978 66 97
979 62 41
980 2 82
981 46 58
982 59 80
983 90 77
984 8 98
985 87 47
986 92 76
987 81 33
988 61 28
989 1 40
990 42 46
991 43 19
992 97 73
993 39 3
994 28 9
995 65 74
996 5 36
997 28 77
998 33 0
