# N=999  D=15  Area=100
# id x y
0 50 50
1 89 96
2 34 66
3 29 38
4 23 82
5 59 5
6 69 57
7 82 41
8 75 89
9 66 46
10 82 92
11 84 83
12 25 2
13 76 77
14 7 3
15 83 16
16 54 62
17 17 10
18 12 9
19 58 98
20 22 48
21 27 54
22 0 49
23 11 61
24 91 88
25 5 55
26 7 51
27 38 16
28 60 61
29 54 52
30 70 18
31 27 48
32 73 83
33 6 53
34 82 70
35 24 83
36 84 13
37 75 70
38 67 30
39 39 20
40 46 47
41 82 12
42 12 23
43 64 80
44 11 83
45 52 80
46 17 34
47 8 96
48 66 87
49 66 16
50 57 27
51 1 98
52 76 10
53 21 67
54 73 67
55 63 1
56 7 82
57 78 76
58 99 82
59 91 26
60 13 88
61 9 40
62 13 92
63 84 87
64 65 12
65 25 61
66 22 13
67 70 11
68 21 16
69 37 78
70 41 5
71 73 41
72 51 20
73 18 41
74 100 41
75 48 9
76 83 13
77 16 1
78 40 84
79 17 75
80 88 32
81 9 16
82 16 22
83 100 23
84 67 14
85 12 79
86 90 45
87 64 54
88 20 95
89 62 22
90 56 29
91 20 70
92 35 17
93 61 45
94 34 46
95 85 89
96 60 33
97 100 65
98 55 66
99 87 54
100 98 78
101 83 99
102 46 22
103 13 43
104 69 22
105 46 81
106 71 15
107 94 66
108 28 79
109 53 47
110 46 37
111 98 14
112 39 26
113 87 41
114 15 27
115 15 40
116 16 30
117 44 32
118 69 55
119 10 97
120 73 5
121 53 51
122 25 19
123 0 22
124 67 33
125 97 33
126 19 88
127 13 90
128 15 53
129 73 99
130 22 72
131 4 81
132 100 78
133 61 5
134 53 93
135 3 39
136 98 65
137 76 52
138 95 15
139 48 10
140 60 24
141 37 15
142 67 61
143 100 9
144 83 76
145 75 45
146 47 18
147 68 68
148 60 2
149 5 45
150 12 92
151 4 100
152 4 60
153 76 58
154 30 47
155 73 43
156 44 65
157 95 51
158 14 56
159 100 39
160 41 92
161 58 80
162 33 82
163 81 68
164 64 4
165 32 100
166 100 76
167 88 37
168 49 68
169 95 28
170 51 14
171 15 50
172 99 3
173 64 58
174 41 14
175 14 97
176 69 67
177 67 41
178 62 62
179 77 81
180 39 8
181 4 93
182 83 78
183 97 15
184 65 0
185 57 89
186 96 52
187 73 0
188 39 70
189 8 9
190 42 28
191 21 53
192 7 49
193 0 18
194 38 84
195 86 73
196 8 17
197 75 65
198 41 53
199 29 61
200 79 56
201 24 28
202 27 32
203 19 98
204 73 80
205 38 48
206 100 30
207 69 53
208 23 67
209 97 12
210 47 83
211 45 69
212 76 20
213 52 1
214 86 21
215 68 77
216 76 5
217 84 80
218 85 6
219 27 87
220 80 88
221 1 81
222 88 5
223 1 12
224 49 70
225 5 3
226 95 47
227 16 87
228 34 69
229 49 61
230 77 41
231 41 61
232 54 76
233 29 69
234 48 79
235 85 60
236 69 45
237 40 69
238 2 11
239 50 18
240 25 25
241 31 60
242 87 7
243 40 99
244 32 50
245 31 67
246 1 76
247 58 90
248 85 47
249 84 44
250 87 55
251 63 10
252 85 49
253 52 7
254 78 18
255 27 7
256 18 2
257 12 10
258 57 91
259 51 62
260 30 8
261 82 52
262 43 21
263 9 37
264 74 95
265 52 93
266 17 86
267 65 45
268 14 19
269 71 65
270 96 40
271 66 11
272 100 72
273 14 41
274 74 54
275 37 56
276 88 53
277 100 60
278 18 88
279 40 100
280 60 82
281 7 7
282 99 84
283 63 14
284 96 6
285 63 40
286 25 31
287 9 57
288 100 10
289 54 94
290 81 35
291 92 77
292 34 17
293 27 55
294 29 5
295 4 26
296 15 24
297 50 31
298 55 14
299 68 21
300 22 19
301 88 58
302 30 92
303 45 37
304 79 47
305 13 47
306 98 28
307 71 83
308 87 60
309 79 69
310 70 39
311 26 81
312 79 7
313 38 89
314 12 25
315 71 86
316 28 8
317 40 33
318 84 52
319 68 46
320 59 64
321 91 40
322 86 78
323 43 65
324 61 23
325 93 24
326 84 100
327 63 12
328 33 61
329 0 70
330 53 39
331 39 43
332 30 36
333 94 41
334 21 65
335 67 67
336 62 51
337 22 60
338 81 98
339 59 62
340 67 39
341 97 36
342 30 57
343 3 49
344 65 41
345 48 30
346 43 30
347 100 15
348 45 21
349 62 47
350 41 86
351 90 26
352 33 46
353 54 32
354 100 95
355 97 39
356 27 38
357 82 75
358 38 29
359 97 93
360 8 69
361 16 88
362 25 23
363 75 18
364 96 67
365 88 81
366 46 56
367 26 26
368 60 26
369 63 62
370 28 99
371 39 25
372 69 96
373 64 60
374 17 76
375 62 8
376 97 5
377 39 96
378 49 100
379 53 95
380 32 64
381 70 2
382 21 56
383 78 87
384 88 99
385 61 84
386 34 40
387 32 53
388 52 23
389 34 1
390 64 47
391 26 38
392 83 56
393 68 88
394 16 48
395 31 11
396 90 66
397 76 26
398 97 11
399 70 91
400 67 99
401 48 97
402 40 11
403 53 20
404 49 1
405 55 68
406 83 4
407 67 68
408 9 19
409 80 72
410 19 33
411 26 100
412 9 52
413 75 33
414 65 3
415 8 90
416 97 13
417 79 39
418 47 52
419 47 6
420 4 25
421 41 40
422 95 40
423 63 17
424 76 35
425 22 11
426 28 98
427 99 52
428 10 90
429 36 35
430 42 32
431 32 6
432 41 24
433 0 43
434 77 97
435 59 25
436 16 78
437 60 32
438 49 36
439 51 69
440 77 64
441 2 37
442 42 30
443 43 97
444 58 43
445 19 22
446 75 80
447 54 92
448 95 63
449 57 13
450 63 85
451 41 96
452 0 90
453 19 49
454 69 89
455 73 48
456 8 1
457 62 54
458 20 8
459 21 27
460 2 80
461 50 35
462 39 72
463 1 30
464 89 92
465 95 25
466 40 23
467 0 31
468 34 41
469 73 87
470 97 91
471 53 78
472 64 96
473 90 21
474 32 76
475 96 74
476 28 71
477 21 22
478 12 14
479 49 52
480 57 58
481 68 6
482 23 39
483 94 13
484 37 41
485 12 64
486 44 29
487 23 56
488 70 98
489 49 14
490 94 64
491 33 67
492 77 9
493 42 33
494 15 20
495 34 59
496 52 75
497 16 15
498 37 55
499 1 74
500 29 73
501 55 74
502 12 83
503 24 78
504 93 61
505 60 34
506 42 63
507 0 98
508 4 43
509 89 4
510 44 89
511 68 71
512 4 84
513 92 46
514 73 70
515 61 7
516 19 18
517 23 72
518 8 55
519 99 13
520 87 34
521 11 69
522 15 54
523 27 77
524 33 17
525 83 42
526 68 35
527 59 44
528 59 50
529 99 35
530 49 3
531 93 79
532 31 64
533 43 42
534 29 46
535 2 79
536 52 41
537 16 13
538 47 46
539 73 4
540 76 95
541 16 42
542 38 75
543 40 34
544 45 78
545 1 23
546 4 62
547 93 2
548 31 30
549 94 11
550 78 22
551 39 3
552 34 16
553 79 46
554 84 79
555 52 2
556 91 42
557 87 88
558 88 17
559 77 32
560 100 57
561 4 0
562 29 1
563 35 81
564 42 47
565 49 4
566 26 11
567 15 42
568 59 8
569 13 14
570 62 21
571 90 67
572 37 74
573 6 98
574 88 92
575 62 13
576 12 0
577 6 70
578 52 12
579 16 100
580 89 6
581 55 26
582 91 49
583 86 9
584 11 94
585 1 0
586 65 39
587 8 58
588 71 88
589 93 95
590 35 5
591 23 36
592 2 89
593 69 30
594 33 37
595 75 34
596 58 52
597 90 30
598 10 54
599 40 4
600 2 99
601 76 71
602 57 3
603 70 24
604 32 61
605 91 32
606 75 99
607 0 19
608 70 85
609 88 51
610 76 29
611 59 39
612 43 94
613 92 51
614 23 7
615 72 77
616 53 73
617 66 8
618 3 65
619 83 80
620 4 49
621 51 78
622 44 42
623 92 58
624 77 65
625 42 82
626 52 77
627 100 94
628 6 30
629 71 34
630 49 16
631 4 15
632 87 10
633 31 35
634 93 93
635 44 82
636 53 7
637 83 46
638 33 76
639 60 19
640 75 69
641 15 90
642 34 31
643 87 71
644 0 38
645 70 99
646 0 2
647 56 42
648 99 73
649 8 5
650 21 55
651 22 57
652 44 22
653 99 19
654 18 72
655 12 82
656 30 100
657 36 22
658 36 48
659 8 67
660 42 54
661 75 87
662 89 72
663 10 26
664 82 31
665 58 46
666 64 55
667 43 81
668 17 12
669 8 84
670 66 65
671 98 58
672 86 34
673 41 51
674 24 34
675 66 69
676 46 88
677 46 2
678 97 16
679 3 44
680 99 55
681 76 79
682 26 19
683 53 32
684 60 36
685 22 21
686 39 85
687 71 6
688 86 94
689 39 19
690 10 80
691 3 78
692 38 74
693 56 40
694 27 22
695 75 22
696 44 34
697 31 55
698 94 77
699 6 48
700 30 24
701 85 71
702 7 80
703 55 84
704 62 40
705 88 75
706 85 97
707 16 49
708 88 96
709 19 50
710 94 67
711 19 39
712 19 63
713 50 94
714 33 65
715 17 66
716 71 54
717 91 52
718 96 11
719 23 52
720 40 73
721 65 49
722 6 31
723 63 90
724 36 31
725 13 71
726 14 90
727 64 83
728 65 17
729 81 5
730 27 81
731 80 2
732 88 55
733 29 16
734 10 77
735 95 22
736 6 27
737 45 2
738 38 94
739 65 66
740 60 98
741 80 20
742 50 7
743 64 77
744 0 65
745 14 66
746 57 44
747 55 86
748 61 88
749 75 66
750 26 59
751 71 50
752 64 3
753 52 32
754 59 47
755 11 79
756 43 43
757 98 7
758 75 35
759 86 46
760 100 84
761 49 59
762 37 98
763 53 90
764 44 52
765 74 39
766 27 39
767 45 15
768 60 38
769 84 73
770 90 3
771 9 0
772 56 31
773 58 95
774 77 35
775 56 35
776 6 82
777 31 69
778 87 92
779 51 60
780 51 81
781 82 53
782 97 38
783 32 16
784 62 3
785 79 18
786 88 72
787 97 67
788 55 10
789 49 10
790 22 69
791 93 96
792 15 41
793 68 96
794 30 77
795 92 92
796 56 89
797 32 21
798 57 9
799 92 4
800 16 86
801 22 43
802 2 41
803 15 33
804 60 95
805 19 74
806 66 64
807 29 90
808 46 95
809 53 56
810 35 74
811 81 53
812 31 52
813 89 50
814 59 82
815 68 55
816 100 61
817 8 31
818 90 43
819 67 74
820 83 91
821 0 34
822 46 100
823 65 72
824 50 51
825 36 65
826 46 98
827 61 11
828 15 97
829 69 92
830 65 62
831 51 41
832 52 27
833 59 26
834 86 22
835 61 83
836 47 4
837 49 12
838 50 49
839 52 3
840 74 25
841 90 60
842 52 92
843 0 7
844 59 100
845 12 80
846 75 52
847 25 28
848 66 15
849 29 86
850 92 24
851 78 41
852 33 54
853 76 92
854 29 19
855 89 63
856 84 25
857 73 95
858 84 47
859 86 61
860 56 15
861 4 55
862 74 42
863 45 32
864 91 73
865 52 86
866 55 8
867 53 81
868 50 46
869 2 13
870 13 12
871 32 72
872 54 100
873 31 17
874 78 100
875 6 9
876 7 62
877 28 1
878 49 80
879 32 65
880 60 56
881 5 25
882 48 65
883 94 78
884 23 43
885 65 85
886 48 31
887 4 85
888 35 69
889 28 14
890 73 57
891 18 92
892 26 50
893 2 16
894 30 73
895 69 73
896 29 72
897 17 74
898 44 87
899 19 36
900 22 71
901 90 53
902 32 97
903 91 57
904 25 39
905 10 32
906 52 40
907 96 57
908 3 37
909 3 99
910 7 65
911 43 15
912 98 62
913 42 99
914 1 85
915 66 20
916 52 61
917 8 65
918 82 45
919 80 80
920 4 14
921 81 22
922 46 61
923 50 52
924 5 21
925 5 99
926 52 48
927 43 55
928 99 4
929 61 95
930 72 83
931 3 97
932 24 0
933 91 37
934 56 49
935 30 16
936 20 15
937 79 97
938 68 76
939 76 56
940 7 61
941 4 58
942 14 43
943 1 28
944 60 3
945 67 65
946 37 84
947 88 20
948 63 53
949 92 68
950 38 20
951 45 38
952 40 70
953 80 40
954 11 93
955 36 55
956 73 66
957 93 90
958 67 66
959 82 98
960 1 5
961 59 42
962 6 24
963 41 62
964 25 21
965 56 78
966 11 44
967 74 92
968 34 93
969 51 43
970 81 70
971 81 27
972 54 78
973 77 24
974 26 87
975 61 30
976 41 47
977 66 4
978 58 11
979 40 60
980 37 9
981 92 100
982 16 96
983 35 49
984 20 87
985 78 47
986 19 5
987 78 7
988 79 86
989 13 65
990 80 10
991 81 29
992 81 81
993 35 45
994 1 20
995 82 10
996 17 8
997 80 51
998 58 85
