# N=999  D=15  Area=100
# id x y
0 50 50
1 59 66
2 48 1
3 16 71
4 15 69
5 50 17
6 27 22
7 39 80
8 29 4
9 90 46
10 64 25
11 82 43
12 58 83
13 53 25
14 58 19
15 46 40
16 53 57
17 39 96
18 73 51
19 28 99
20 5 83
21 15 56
22 71 52
23 44 64
24 41 78
25 87 4
26 1 99
27 42 62
28 89 22
29 22 29
30 81 45
31 11 56
32 76 49
33 80 23
34 89 99
35 96 92
36 12 30
37 88 1
38 38 61
39 75 76
40 87 14
41 78 91
42 1 1
43 35 46
44 93 12
45 19 15
46 10 58
47 90 38
48 25 46
49 92 86
50 35 39
51 0 81
52 83 98
53 48 20
54 85 74
55 17 66
56 77 87
57 37 21
58 96 23
59 16 19
60 75 47
61 45 9
62 61 40
63 83 52
64 77 3
65 54 30
66 50 41
67 55 99
68 11 89
69 87 75
70 19 62
71 40 35
72 66 16
73 63 1
74 32 51
75 31 26
76 1 18
77 78 19
78 62 76
79 45 100
80 99 6
81 53 62
82 27 25
83 84 37
84 76 100
85 36 13
86 27 89
87 79 61
88 37 22
89 96 55
90 63 63
91 44 47
92 8 53
93 57 24
94 56 62
95 82 63
96 34 82
97 43 66
98 23 76
99 97 5
100 53 5
101 66 23
102 17 24
103 93 29
104 66 86
105 32 82
106 37 89
107 72 29
108 61 58
109 75 94
110 56 72
111 99 24
112 69 92
113 77 73
114 3 76
115 17 94
116 19 95
117 40 50
118 74 27
119 91 95
120 17 83
121 61 97
122 96 63
123 63 30
124 98 75
125 28 20
126 19 7
127 11 66
128 51 13
129 20 89
130 55 75
131 76 58
132 71 33
133 73 75
134 56 75
135 53 71
136 33 85
137 36 22
138 39 74
139 86 22
140 66 65
141 89 54
142 61 98
143 72 90
144 59 79
145 55 89
146 25 70
147 6 96
148 22 66
149 76 55
150 67 77
151 4 52
152 22 38
153 8 76
154 82 65
155 25 62
156 2 68
157 97 43
158 14 50
159 65 99
160 37 19
161 33 54
162 44 48
163 26 14
164 45 21
165 46 96
166 16 89
167 77 34
168 5 1
169 22 5
170 31 57
171 40 62
172 49 10
173 45 81
174 41 66
175 0 6
176 76 17
177 16 29
178 2 90
179 89 45
180 8 94
181 18 42
182 55 82
183 68 92
184 78 63
185 30 67
186 49 64
187 55 28
188 63 98
189 46 77
190 72 35
191 41 50
192 66 93
193 33 49
194 59 37
195 79 53
196 55 90
197 20 83
198 55 51
199 94 27
200 72 37
201 37 17
202 100 14
203 29 77
204 82 67
205 100 35
206 25 95
207 51 25
208 91 43
209 16 11
210 12 23
211 88 58
212 22 17
213 49 61
214 65 49
215 69 39
216 27 18
217 1 23
218 56 67
219 40 97
220 35 67
221 92 84
222 11 12
223 5 64
224 50 88
225 46 67
226 78 3
227 44 5
228 43 40
229 83 53
230 20 8
231 59 46
232 61 76
233 98 51
234 17 91
235 75 37
236 31 61
237 67 81
238 13 77
239 60 16
240 56 82
241 8 23
242 97 85
243 63 95
244 50 71
245 68 44
246 43 36
247 34 84
248 16 25
249 2 71
250 62 56
251 13 11
252 86 90
253 36 63
254 100 58
255 73 19
256 44 15
257 47 22
258 3 10
259 14 44
260 74 75
261 100 70
262 16 47
263 7 60
264 82 51
265 3 19
266 1 70
267 97 92
268 15 51
269 100 94
270 57 3
271 95 21
272 64 98
273 29 27
274 80 89
275 94 85
276 75 90
277 97 95
278 92 9
279 28 43
280 89 80
281 42 20
282 82 0
283 31 44
284 7 22
285 34 17
286 61 26
287 38 82
288 22 3
289 17 3
290 0 43
291 27 15
292 65 84
293 64 88
294 71 97
295 52 9
296 62 47
297 62 71
298 73 41
299 66 66
300 67 11
301 11 22
302 43 65
303 4 90
304 72 83
305 46 0
306 59 95
307 27 3
308 12 3
309 33 84
310 41 20
311 42 57
312 32 72
313 93 17
314 66 21
315 48 56
316 1 84
317 58 75
318 92 14
319 73 36
320 54 16
321 35 79
322 36 5
323 70 36
324 60 58
325 44 40
326 46 64
327 36 46
328 59 81
329 20 65
330 30 29
331 58 97
332 32 90
333 80 22
334 71 42
335 28 65
336 40 4
337 74 90
338 24 23
339 82 25
340 0 53
341 68 51
342 45 29
343 1 60
344 13 64
345 76 39
346 88 48
347 40 86
348 88 49
349 19 32
350 78 16
351 49 72
352 66 24
353 26 59
354 17 97
355 53 100
356 79 93
357 31 65
358 42 7
359 87 41
360 55 43
361 74 40
362 15 66
363 61 52
364 97 75
365 49 93
366 75 89
367 79 56
368 54 75
369 82 56
370 37 82
371 28 5
372 55 94
373 11 39
374 43 11
375 90 0
376 26 10
377 34 31
378 1 72
379 55 18
380 44 27
381 55 53
382 2 53
383 15 26
384 94 10
385 74 31
386 71 58
387 34 10
388 2 43
389 30 78
390 28 25
391 70 24
392 35 76
393 43 6
394 41 88
395 32 60
396 78 43
397 64 95
398 20 86
399 99 5
400 22 33
401 80 41
402 19 97
403 7 52
404 40 75
405 84 68
406 1 97
407 33 41
408 16 41
409 35 75
410 91 66
411 3 92
412 91 75
413 98 53
414 29 57
415 80 36
416 23 94
417 28 16
418 95 87
419 89 51
420 36 100
421 100 72
422 74 74
423 46 38
424 54 78
425 56 48
426 73 38
427 59 18
428 49 82
429 24 11
430 39 82
431 51 50
432 9 24
433 64 55
434 15 82
435 81 36
436 69 82
437 61 100
438 65 36
439 57 2
440 51 30
441 73 7
442 23 1
443 78 34
444 39 4
445 11 51
446 71 96
447 39 31
448 37 83
449 70 92
450 47 91
451 70 3
452 99 75
453 60 66
454 58 88
455 48 100
456 42 73
457 1 75
458 75 19
459 25 31
460 35 44
461 96 82
462 2 100
463 43 86
464 11 96
465 94 22
466 51 32
467 81 65
468 16 39
469 25 96
470 7 31
471 47 51
472 28 44
473 21 47
474 1 74
475 6 56
476 66 15
477 85 9
478 49 84
479 6 26
480 42 26
481 97 99
482 45 18
483 60 42
484 72 44
485 56 57
486 59 22
487 77 51
488 56 21
489 85 12
490 3 74
491 78 68
492 6 78
493 45 87
494 8 25
495 98 11
496 30 58
497 31 95
498 17 4
499 28 51
500 42 60
501 24 70
502 64 40
503 27 39
504 2 40
505 94 71
506 83 70
507 20 51
508 81 38
509 36 83
510 99 25
511 14 74
512 60 83
513 99 79
514 26 79
515 53 88
516 20 0
517 15 91
518 69 91
519 45 2
520 43 85
521 16 84
522 9 42
523 12 88
524 0 18
525 99 55
526 55 12
527 33 59
528 99 2
529 16 16
530 16 53
531 79 77
532 17 0
533 29 94
534 10 23
535 9 56
536 22 24
537 28 74
538 98 100
539 30 39
540 81 39
541 55 54
542 18 46
543 89 25
544 70 71
545 41 47
546 54 73
547 82 11
548 3 25
549 58 90
550 7 54
551 7 59
552 60 40
553 45 49
554 93 92
555 1 35
556 24 86
557 18 57
558 2 38
559 13 68
560 37 11
561 68 58
562 50 4
563 92 73
564 98 61
565 86 77
566 93 49
567 58 62
568 38 86
569 24 24
570 95 77
571 94 4
572 5 62
573 60 43
574 87 77
575 60 3
576 21 69
577 69 93
578 53 74
579 37 26
580 33 11
581 62 34
582 90 33
583 47 77
584 9 30
585 99 18
586 72 61
587 25 79
588 98 3
589 99 70
590 19 19
591 41 12
592 49 26
593 40 46
594 16 70
595 40 1
596 78 6
597 37 2
598 34 96
599 33 35
600 21 20
601 14 34
602 38 94
603 48 83
604 76 7
605 43 71
606 42 6
607 78 53
608 98 31
609 73 28
610 86 61
611 41 21
612 52 27
613 68 13
614 74 81
615 14 22
616 89 35
617 6 35
618 51 84
619 54 35
620 72 18
621 39 56
622 69 28
623 81 81
624 44 7
625 46 23
626 63 42
627 41 32
628 80 13
629 33 39
630 90 28
631 0 35
632 56 95
633 10 86
634 21 74
635 41 42
636 21 73
637 96 24
638 5 82
639 71 43
640 54 86
641 78 100
642 12 66
643 75 9
644 89 49
645 63 29
646 42 75
647 51 78
648 100 27
649 36 6
650 73 96
651 62 11
652 60 79
653 51 38
654 39 17
655 62 87
656 70 51
657 77 79
658 59 100
659 26 5
660 31 87
661 92 55
662 26 15
663 71 41
664 78 44
665 93 8
666 15 60
667 29 43
668 35 97
669 15 75
670 38 30
671 25 87
672 36 21
673 95 65
674 3 12
675 43 37
676 99 99
677 28 14
678 53 20
679 42 80
680 88 86
681 94 2
682 28 95
683 17 5
684 18 66
685 61 79
686 48 99
687 52 90
688 27 9
689 51 71
690 17 87
691 1 33
692 12 63
693 61 99
694 50 60
695 37 55
696 77 20
697 71 66
698 73 25
699 8 98
700 64 8
701 77 9
702 14 4
703 2 28
704 27 42
705 64 13
706 25 55
707 66 48
708 30 95
709 70 27
710 46 10
711 68 73
712 3 88
713 70 49
714 50 78
715 98 92
716 21 30
717 56 68
718 98 90
719 37 62
720 4 34
721 16 27
722 3 9
723 63 12
724 42 88
725 68 56
726 68 54
727 27 48
728 5 55
729 15 13
730 90 77
731 1 22
732 26 48
733 88 87
734 44 25
735 39 52
736 35 63
737 1 29
738 18 93
739 68 65
740 67 95
741 66 11
742 48 55
743 8 58
744 39 1
745 12 12
746 1 25
747 25 38
748 28 21
749 95 31
750 94 39
751 32 64
752 99 100
753 95 56
754 91 28
755 78 20
756 10 34
757 30 25
758 79 98
759 35 62
760 64 76
761 29 7
762 22 74
763 6 67
764 34 90
765 3 36
766 90 50
767 38 71
768 47 90
769 90 99
770 12 35
771 7 38
772 41 75
773 80 85
774 5 40
775 86 57
776 4 76
777 37 69
778 40 64
779 30 23
780 60 6
781 18 68
782 70 47
783 56 61
784 19 99
785 69 97
786 27 6
787 23 59
788 33 93
789 77 40
790 36 97
791 43 67
792 10 57
793 11 40
794 71 11
795 49 73
796 28 67
797 79 18
798 48 44
799 5 16
800 75 53
801 51 36
802 66 12
803 14 16
804 34 30
805 76 5
806 85 31
807 64 42
808 6 60
809 61 75
810 30 30
811 91 65
812 20 93
813 33 78
814 97 100
815 94 92
816 36 11
817 89 46
818 43 32
819 48 34
820 81 22
821 63 90
822 17 8
823 59 50
824 22 99
825 69 98
826 13 73
827 50 94
828 84 52
829 14 3
830 12 52
831 12 26
832 95 11
833 71 37
834 92 4
835 5 36
836 18 60
837 10 46
838 98 95
839 32 20
840 30 27
841 86 19
842 72 19
843 65 61
844 52 83
845 71 73
846 91 85
847 92 71
848 63 64
849 9 64
850 9 95
851 55 72
852 29 88
853 89 38
854 25 73
855 95 99
856 57 40
857 76 77
858 74 13
859 79 83
860 8 27
861 46 99
862 47 69
863 73 49
864 93 43
865 42 67
866 9 86
867 93 19
868 36 43
869 9 45
870 29 67
871 42 39
872 72 71
873 36 39
874 14 32
875 60 69
876 41 80
877 43 9
878 0 15
879 32 28
880 44 21
881 93 75
882 78 59
883 68 95
884 53 83
885 84 47
886 6 61
887 72 73
888 17 82
889 89 71
890 60 12
891 51 73
892 27 73
893 98 27
894 32 2
895 62 74
896 94 81
897 88 63
898 24 17
899 68 67
900 38 33
901 38 84
902 47 49
903 40 61
904 13 29
905 16 14
906 52 66
907 24 69
908 11 61
909 51 12
910 67 29
911 93 61
912 81 17
913 22 59
914 56 76
915 57 80
916 12 37
917 90 16
918 35 36
919 28 17
920 2 32
921 85 35
922 14 99
923 38 55
924 61 67
925 97 86
926 12 22
927 33 6
928 84 21
929 79 41
930 100 82
931 95 45
932 95 4
933 61 66
934 20 70
935 78 88
936 84 40
937 21 1
938 38 28
939 46 65
940 26 73
941 17 71
942 1 38
943 90 26
944 19 16
945 39 71
946 100 43
947 85 18
948 90 79
949 16 82
950 98 41
951 17 49
952 100 52
953 64 21
954 57 70
955 90 71
956 12 54
957 17 70
958 15 93
959 5 48
960 46 57
961 64 86
962 39 43
963 3 38
964 35 13
965 78 86
966 56 36
967 90 9
968 53 2
969 73 93
970 16 7
971 79 57
972 68 33
973 52 21
974 47 3
975 84 15
976 12 27
977 8 17
978 18 28
979 75 100
980 16 43
981 63 84
982 8 63
983 10 22
984 69 62
985 73 20
986 62 17
987 49 20
988 91 21
989 31 76
990 35 37
991 63 50
992 87 72
993 80 19
994 0 30
995 85 57
996 26 27
997 60 76
998 18 26
