# N=999  D=15  Area=100
# id x y
0 50 50
1 61 29
2 87 65
3 61 36
4 98 54
5 32 98
6 8 51
7 82 24
8 10 67
9 17 14
10 30 79
11 75 89
12 81 69
13 98 21
14 6 13
15 47 92
16 76 23
17 37 75
18 78 9
19 87 79
20 84 17
21 27 63
22 85 35
23 15 37
24 97 49
25 78 13
26 78 33
27 91 20
28 58 28
29 0 33
30 37 47
31 30 47
32 95 56
33 51 28
34 73 71
35 14 67
36 17 15
37 43 65
38 97 24
39 33 4
40 36 7
41 34 28
42 62 36
43 31 4
44 42 98
45 29 86
46 44 86
47 90 43
48 93 41
49 45 46
50 48 12
51 16 90
52 9 43
53 76 25
54 10 11
55 71 3
56 3 82
57 73 79
58 92 79
59 36 44
60 90 72
61 3 8
62 47 43
63 72 83
64 17 47
65 33 58
66 93 15
67 53 81
68 12 44
69 96 26
70 44 41
71 70 60
72 81 7
73 92 15
74 9 19
75 42 43
76 86 42
77 0 58
78 29 4
79 63 56
80 16 31
81 26 78
82 80 95
83 39 53
84 73 39
85 14 92
86 86 47
87 91 98
88 98 32
89 21 31
90 41 31
91 9 25
92 70 91
93 64 99
94 76 21
95 67 80
96 56 92
97 74 80
98 87 83
99 5 35
100 48 96
101 96 69
102 20 43
103 44 45
104 57 22
105 4 18
106 18 86
107 75 32
108 44 85
109 41 54
110 13 87
111 19 61
112 12 21
113 5 93
114 40 20
115 27 49
116 3 42
117 80 83
118 55 99
119 50 19
120 56 39
121 31 95
122 88 73
123 69 57
124 37 16
125 3 0
126 72 64
127 36 53
128 8 18
129 73 91
130 81 92
131 49 34
132 24 48
133 8 9
134 32 28
135 72 59
136 75 2
137 56 63
138 99 70
139 53 49
140 11 31
141 82 65
142 64 70
143 27 30
144 79 69
145 36 24
146 32 32
147 67 27
148 77 65
149 93 63
150 79 18
151 49 33
152 30 65
153 58 69
154 45 100
155 66 38
156 31 20
157 82 50
158 88 90
159 60 26
160 60 30
161 62 14
162 16 46
163 30 95
164 62 70
165 42 22
166 97 38
167 95 37
168 98 10
169 69 87
170 62 95
171 74 70
172 59 49
173 100 67
174 87 76
175 48 91
176 44 94
177 74 20
178 11 41
179 96 30
180 100 58
181 89 54
182 26 62
183 81 79
184 15 61
185 36 26
186 65 44
187 35 86
188 94 52
189 0 31
190 29 13
191 79 5
192 54 56
193 71 19
194 1 55
195 70 14
196 68 59
197 86 53
198 20 6
199 36 1
200 66 74
201 33 86
202 89 49
203 10 70
204 60 3
205 40 70
206 7 84
207 72 69
208 7 71
209 4 49
210 22 94
211 8 98
212 68 11
213 3 53
214 68 0
215 87 62
216 15 87
217 84 0
218 76 0
219 28 38
220 57 94
221 13 13
222 89 31
223 70 88
224 4 36
225 27 57
226 49 44
227 18 3
228 4 8
229 76 66
230 65 59
231 19 24
232 73 31
233 30 31
234 91 1
235 6 37
236 20 30
237 58 42
238 17 95
239 96 56
240 98 100
241 98 55
242 26 61
243 59 35
244 0 57
245 91 49
246 18 73
247 94 96
248 66 98
249 61 21
250 95 6
251 14 96
252 12 71
253 38 82
254 78 1
255 40 46
256 24 59
257 84 63
258 11 64
259 7 87
260 95 18
261 41 20
262 10 74
263 75 30
264 52 27
265 68 12
266 22 96
267 77 39
268 71 91
269 99 50
270 51 78
271 11 34
272 17 91
273 47 77
274 50 31
275 55 97
276 43 15
277 50 94
278 90 4
279 25 47
280 45 76
281 51 72
282 78 50
283 63 45
284 94 24
285 62 72
286 4 42
287 69 50
288 30 88
289 69 1
290 74 74
291 84 80
292 16 53
293 88 65
294 3 64
295 31 3
296 1 0
297 85 8
298 53 96
299 22 63
300 94 55
301 62 47
302 44 22
303 8 100
304 4 94
305 39 46
306 84 24
307 58 34
308 4 31
309 30 1
310 96 88
311 18 41
312 60 82
313 64 2
314 95 80
315 29 89
316 23 21
317 60 93
318 2 30
319 2 11
320 11 82
321 33 39
322 52 44
323 79 99
324 43 46
325 42 0
326 10 60
327 22 100
328 58 18
329 88 49
330 43 90
331 61 56
332 5 96
333 16 72
334 35 0
335 71 63
336 37 1
337 45 45
338 96 96
339 17 68
340 41 95
341 73 93
342 62 65
343 79 12
344 37 88
345 26 8
346 27 24
347 4 35
348 84 16
349 13 92
350 6 28
351 6 42
352 60 11
353 52 64
354 59 16
355 85 3
356 74 84
357 67 44
358 83 84
359 34 58
360 9 58
361 6 16
362 67 2
363 71 11
364 59 14
365 45 78
366 45 35
367 96 84
368 3 28
369 32 100
370 88 54
371 97 61
372 95 65
373 27 50
374 95 75
375 64 0
376 5 74
377 25 61
378 68 23
379 75 70
380 62 77
381 89 66
382 13 43
383 81 59
384 33 75
385 27 79
386 38 5
387 99 78
388 99 98
389 23 18
390 45 82
391 33 0
392 49 95
393 12 43
394 93 33
395 50 72
396 97 27
397 73 53
398 96 17
399 92 68
400 48 79
401 14 89
402 10 41
403 74 78
404 66 95
405 35 83
406 70 48
407 43 26
408 29 15
409 53 86
410 18 21
411 87 60
412 55 100
413 40 1
414 37 90
415 47 54
416 36 40
417 44 99
418 68 95
419 92 20
420 94 74
421 87 20
422 62 34
423 83 80
424 20 16
425 35 7
426 67 65
427 63 100
428 93 73
429 39 89
430 81 22
431 2 23
432 7 9
433 82 70
434 70 71
435 11 52
436 33 90
437 91 95
438 77 37
439 39 65
440 67 82
441 14 1
442 94 38
443 31 84
444 46 81
445 43 71
446 18 82
447 91 16
448 42 89
449 93 100
450 37 51
451 17 57
452 54 49
453 70 26
454 40 41
455 56 38
456 69 49
457 48 85
458 90 83
459 98 34
460 14 77
461 36 8
462 76 40
463 64 92
464 37 99
465 4 72
466 17 16
467 100 50
468 94 86
469 67 97
470 78 70
471 22 85
472 4 65
473 72 47
474 19 13
475 52 38
476 97 99
477 40 87
478 35 61
479 22 49
480 79 85
481 42 10
482 16 35
483 57 84
484 91 99
485 29 76
486 96 68
487 13 16
488 70 4
489 31 31
490 95 33
491 17 97
492 9 65
493 36 74
494 92 33
495 29 83
496 10 34
497 28 48
498 84 37
499 4 63
500 21 40
501 6 53
502 89 73
503 38 14
504 90 42
505 35 77
506 54 3
507 15 0
508 6 80
509 51 70
510 79 17
511 41 12
512 73 1
513 62 0
514 71 7
515 93 85
516 5 81
517 84 68
518 80 77
519 11 56
520 72 86
521 77 26
522 54 64
523 11 2
524 7 97
525 53 87
526 69 72
527 3 41
528 38 33
529 83 69
530 84 35
531 92 18
532 6 23
533 81 40
534 6 56
535 76 45
536 45 66
537 77 51
538 86 16
539 42 42
540 82 66
541 42 17
542 12 1
543 20 23
544 5 92
545 99 1
546 90 97
547 10 59
548 8 24
549 91 52
550 5 69
551 55 72
552 15 9
553 33 22
554 86 81
555 58 80
556 21 35
557 43 40
558 8 56
559 28 93
560 80 94
561 42 21
562 68 6
563 17 41
564 43 32
565 66 86
566 53 20
567 3 43
568 32 11
569 58 19
570 88 53
571 84 41
572 97 35
573 86 57
574 97 86
575 71 62
576 80 38
577 6 22
578 43 28
579 24 34
580 100 7
581 80 28
582 32 78
583 20 68
584 10 27
585 82 37
586 57 20
587 33 12
588 80 14
589 2 83
590 99 75
591 40 65
592 52 16
593 66 49
594 13 18
595 16 66
596 47 38
597 65 78
598 26 0
599 29 95
600 58 13
601 39 35
602 11 76
603 14 86
604 81 90
605 28 77
606 75 1
607 93 58
608 93 81
609 21 69
610 94 57
611 73 51
612 83 26
613 82 95
614 9 75
615 38 0
616 66 97
617 100 79
618 29 34
619 58 17
620 40 98
621 57 6
622 32 13
623 69 24
624 46 61
625 54 2
626 64 60
627 90 98
628 2 96
629 41 56
630 56 18
631 34 12
632 55 55
633 26 55
634 0 36
635 27 86
636 73 28
637 92 2
638 24 46
639 32 36
640 10 99
641 41 29
642 56 86
643 25 7
644 75 94
645 95 28
646 19 51
647 69 65
648 76 49
649 70 44
650 66 100
651 13 72
652 78 19
653 76 18
654 58 89
655 75 33
656 97 57
657 27 69
658 22 22
659 64 57
660 49 100
661 37 10
662 97 77
663 93 28
664 55 16
665 86 18
666 66 99
667 37 69
668 59 6
669 32 54
670 16 70
671 50 12
672 1 27
673 85 44
674 60 60
675 20 53
676 19 34
677 7 4
678 5 13
679 36 20
680 48 86
681 94 36
682 26 79
683 24 63
684 31 76
685 86 31
686 92 82
687 21 63
688 8 96
689 86 62
690 17 88
691 44 75
692 85 55
693 41 4
694 88 7
695 80 45
696 54 59
697 0 92
698 24 68
699 75 28
700 75 21
701 16 73
702 70 95
703 59 17
704 39 19
705 55 71
706 35 48
707 77 6
708 11 47
709 77 61
710 50 61
711 54 19
712 37 53
713 8 73
714 60 45
715 18 0
716 68 90
717 61 72
718 82 9
719 10 8
720 73 94
721 84 25
722 83 10
723 78 57
724 89 40
725 29 33
726 85 7
727 44 83
728 52 11
729 57 92
730 98 42
731 28 60
732 51 74
733 27 45
734 47 89
735 22 20
736 2 20
737 9 57
738 10 57
739 83 93
740 58 7
741 98 41
742 45 30
743 21 0
744 26 51
745 95 89
746 92 36
747 16 23
748 3 24
749 100 44
750 67 11
751 14 87
752 74 1
753 54 22
754 82 42
755 92 32
756 55 11
757 35 29
758 64 88
759 42 65
760 95 48
761 74 0
762 3 37
763 95 84
764 8 23
765 93 87
766 35 99
767 45 84
768 28 30
769 10 95
770 15 34
771 43 55
772 76 20
773 14 7
774 15 5
775 80 64
776 28 65
777 68 61
778 8 0
779 66 33
780 24 82
781 0 34
782 82 55
783 2 92
784 24 31
785 63 71
786 54 37
787 47 97
788 73 19
789 94 10
790 46 65
791 47 39
792 61 65
793 14 9
794 95 76
795 81 34
796 79 56
797 20 29
798 88 82
799 59 22
800 16 38
801 47 47
802 6 73
803 66 55
804 40 36
805 50 57
806 76 98
807 98 25
808 25 81
809 22 16
810 42 87
811 80 54
812 72 23
813 76 15
814 62 32
815 1 81
816 81 6
817 29 88
818 69 73
819 55 2
820 45 64
821 4 76
822 60 28
823 4 88
824 79 26
825 27 76
826 63 18
827 65 2
828 66 67
829 1 17
830 37 55
831 57 15
832 37 34
833 30 77
834 86 48
835 49 7
836 87 40
837 25 3
838 12 89
839 39 94
840 74 95
841 62 55
842 91 50
843 82 10
844 46 37
845 63 25
846 24 39
847 33 35
848 80 91
849 86 33
850 51 95
851 37 61
852 24 29
853 40 49
854 76 46
855 46 87
856 69 5
857 64 24
858 28 99
859 31 37
860 80 90
861 97 37
862 13 90
863 24 92
864 3 49
865 62 18
866 87 70
867 94 17
868 61 37
869 99 21
870 62 69
871 13 88
872 3 67
873 1 43
874 72 100
875 45 3
876 11 40
877 89 76
878 21 12
879 31 42
880 82 2
881 63 99
882 15 21
883 19 28
884 1 47
885 59 7
886 87 13
887 30 96
888 93 93
889 90 23
890 26 68
891 79 83
892 89 99
893 21 81
894 54 8
895 47 2
896 69 53
897 21 78
898 61 2
899 84 4
900 34 60
901 43 73
902 88 39
903 92 91
904 35 37
905 90 80
906 69 68
907 27 67
908 11 24
909 38 66
910 59 83
911 64 71
912 87 45
913 95 2
914 78 53
915 24 100
916 58 41
917 53 45
918 16 20
919 2 21
920 93 13
921 41 79
922 13 64
923 79 31
924 21 95
925 65 95
926 82 27
927 89 11
928 79 19
929 44 57
930 20 49
931 91 89
932 29 77
933 79 63
934 12 24
935 27 16
936 70 85
937 100 36
938 31 51
939 3 29
940 87 44
941 67 9
942 26 4
943 2 59
944 53 55
945 58 58
946 70 87
947 26 72
948 50 58
949 61 33
950 20 55
951 27 13
952 4 1
953 88 33
954 64 91
955 14 42
956 34 83
957 48 13
958 65 21
959 83 41
960 77 22
961 87 17
962 82 77
963 76 99
964 11 72
965 55 48
966 66 23
967 6 5
968 40 76
969 45 26
970 38 67
971 46 74
972 55 12
973 20 73
974 8 68
975 3 52
976 39 69
977 32 74
978 9 32
979 75 25
980 86 11
981 54 40
982 81 43
983 32 29
984 62 38
985 29 63
986 82 84
987 2 80
988 22 11
989 68 73
990 68 85
991 54 0
992 53 85
993 28 2
994 71 37
995 38 21
996 55 68
997 55 5
998 78 30
