# N=499  D=45  Area=100
# id x y
0 50 50
1 73 70
2 25 34
3 54 56
4 36 51
5 8 75
6 55 56
7 5 52
8 34 72
9 53 66
10 98 68
11 23 62
12 39 37
13 0 27
14 72 21
15 100 16
16 80 83
17 9 11
18 73 20
19 25 33
20 0 91
21 11 12
22 9 79
23 24 96
24 34 96
25 2 89
26 67 35
27 90 38
28 57 77
29 33 91
30 31 40
31 69 19
32 82 46
33 84 59
34 52 52
35 96 16
36 75 15
37 64 50
38 96 64
39 22 95
40 27 79
41 31 71
42 49 97
43 82 27
44 14 77
45 10 83
46 1 27
47 100 12
48 92 90
49 50 8
50 32 48
51 53 64
52 62 34
53 63 19
54 14 79
55 91 97
56 32 97
57 33 35
58 60 6
59 28 42
60 82 11
61 19 0
62 8 61
63 4 66
64 27 88
65 29 86
66 57 55
67 61 61
68 42 2
69 9 13
70 49 37
71 100 77
72 45 47
73 18 53
74 36 18
75 98 12
76 88 48
77 6 69
78 25 80
79 25 23
80 8 52
81 62 56
82 11 46
83 21 89
84 6 13
85 14 44
86 70 46
87 23 3
88 87 65
89 53 99
90 62 44
91 13 22
92 14 27
93 54 90
94 86 17
95 77 54
96 8 14
97 70 22
98 42 89
99 67 7
100 1 94
101 3 42
102 64 26
103 83 100
104 34 94
105 92 89
106 11 27
107 22 78
108 92 4
109 33 13
110 7 36
111 89 47
112 95 8
113 9 86
114 89 38
115 21 18
116 3 11
117 43 9
118 81 7
119 13 33
120 49 39
121 21 86
122 76 8
123 70 56
124 31 37
125 11 18
126 25 7
127 47 95
128 69 64
129 86 94
130 41 100
131 64 75
132 50 30
133 69 46
134 2 26
135 5 55
136 27 10
137 6 78
138 82 72
139 69 73
140 45 72
141 78 97
142 81 14
143 74 25
144 72 43
145 13 55
146 100 92
147 28 86
148 95 68
149 85 32
150 76 6
151 3 87
152 43 77
153 50 13
154 90 64
155 40 5
156 38 11
157 84 11
158 15 44
159 84 72
160 69 57
161 100 31
162 69 22
163 57 16
164 25 5
165 41 51
166 97 33
167 73 100
168 65 55
169 0 73
170 37 18
171 73 81
172 32 2
173 23 69
174 68 71
175 25 98
176 41 16
177 52 18
178 16 43
179 89 32
180 30 6
181 47 96
182 15 34
183 37 5
184 89 77
185 38 38
186 78 63
187 60 26
188 66 3
189 21 90
190 98 77
191 71 16
192 49 85
193 5 22
194 35 16
195 31 36
196 60 98
197 9 8
198 61 15
199 20 79
200 49 71
201 95 0
202 20 36
203 48 13
204 44 15
205 33 87
206 0 87
207 96 100
208 34 23
209 85 45
210 59 54
211 48 22
212 80 72
213 34 79
214 5 72
215 6 39
216 7 91
217 82 40
218 98 43
219 65 29
220 86 34
221 61 18
222 71 13
223 5 76
224 49 31
225 35 84
226 68 89
227 71 12
228 43 83
229 63 94
230 73 6
231 75 92
232 89 89
233 99 16
234 7 4
235 48 40
236 86 63
237 97 90
238 17 34
239 95 43
240 91 7
241 11 73
242 46 66
243 96 5
244 76 91
245 95 53
246 30 77
247 82 61
248 11 17
249 26 91
250 13 77
251 98 63
252 51 46
253 22 62
254 37 49
255 78 88
256 95 99
257 96 76
258 73 12
259 26 97
260 30 50
261 72 7
262 7 33
263 99 98
264 1 65
265 24 45
266 29 18
267 51 33
268 41 8
269 35 62
270 78 16
271 86 19
272 40 76
273 74 87
274 74 66
275 30 19
276 22 74
277 54 38
278 89 12
279 68 78
280 66 50
281 99 12
282 14 17
283 66 74
284 63 12
285 100 65
286 54 64
287 21 78
288 10 38
289 24 24
290 52 29
291 17 51
292 30 54
293 28 5
294 82 51
295 78 83
296 95 64
297 29 43
298 92 38
299 35 92
300 0 96
301 31 8
302 72 88
303 80 47
304 31 74
305 96 62
306 25 68
307 95 42
308 53 36
309 29 93
310 76 31
311 11 86
312 28 83
313 37 53
314 64 85
315 10 67
316 57 34
317 47 56
318 46 94
319 82 29
320 19 12
321 89 65
322 4 78
323 79 61
324 62 2
325 4 13
326 65 16
327 35 66
328 83 38
329 34 57
330 12 36
331 48 82
332 45 25
333 13 89
334 32 81
335 84 89
336 23 68
337 25 15
338 98 10
339 4 67
340 23 38
341 35 83
342 70 92
343 13 71
344 63 17
345 69 48
346 72 73
347 92 25
348 39 39
349 84 96
350 73 26
351 53 17
352 97 31
353 33 42
354 33 26
355 49 3
356 54 77
357 3 14
358 61 53
359 10 72
360 51 15
361 31 48
362 3 62
363 74 4
364 52 70
365 66 55
366 40 83
367 91 15
368 48 7
369 35 48
370 85 24
371 4 20
372 7 16
373 33 1
374 76 63
375 15 20
376 87 60
377 84 20
378 78 8
379 62 0
380 66 5
381 17 45
382 93 32
383 29 31
384 17 69
385 35 40
386 48 64
387 20 18
388 23 39
389 10 17
390 72 61
391 76 62
392 45 7
393 45 58
394 31 70
395 48 18
396 51 56
397 4 30
398 52 98
399 65 59
400 97 66
401 54 98
402 19 42
403 29 81
404 44 90
405 11 42
406 69 11
407 40 84
408 23 98
409 32 73
410 1 54
411 7 79
412 70 28
413 20 83
414 42 38
415 65 35
416 23 6
417 48 1
418 10 30
419 64 6
420 93 52
421 12 53
422 66 88
423 33 70
424 45 73
425 3 66
426 42 42
427 76 87
428 51 16
429 45 16
430 85 37
431 58 19
432 46 87
433 4 98
434 88 87
435 5 34
436 4 38
437 9 7
438 72 8
439 86 31
440 15 9
441 9 16
442 4 64
443 19 11
444 47 100
445 34 1
446 22 82
447 17 21
448 35 65
449 47 53
450 3 54
451 82 43
452 60 42
453 32 92
454 2 47
455 60 52
456 27 0
457 94 37
458 33 51
459 82 4
460 11 11
461 31 95
462 94 57
463 47 17
464 77 53
465 83 8
466 55 47
467 49 24
468 81 6
469 20 16
470 86 21
471 3 94
472 70 13
473 10 29
474 71 61
475 48 4
476 76 33
477 20 72
478 93 21
479 93 81
480 76 68
481 87 72
482 85 23
483 88 79
484 73 87
485 25 58
486 79 52
487 49 77
488 20 68
489 49 83
490 63 95
491 46 23
492 1 36
493 76 45
494 60 37
495 66 65
496 48 51
497 32 67
498 42 62
