# N=499  D=45  Area=100
# id x y
0 50 50
1 86 39
2 68 36
3 17 88
4 72 44
5 95 54
6 86 66
7 18 56
8 100 1
9 64 94
10 87 99
11 86 20
12 90 30
13 96 66
14 29 48
15 63 63
16 13 28
17 74 22
18 100 99
19 30 45
20 45 57
21 58 14
22 95 94
23 86 9
24 20 42
25 44 24
26 0 9
27 80 55
28 28 83
29 15 36
30 98 97
31 56 76
32 56 33
33 83 41
34 72 43
35 30 74
36 55 85
37 39 96
38 92 100
39 62 43
40 100 45
41 82 53
42 77 67
43 90 56
44 26 90
45 13 17
46 53 67
47 89 66
48 81 54
49 69 46
50 38 25
51 3 47
52 75 14
53 90 8
54 18 18
55 8 40
56 34 81
57 84 61
58 31 5
59 94 51
60 62 19
61 11 38
62 71 21
63 47 8
64 85 51
65 7 39
66 25 36
67 42 14
68 45 66
69 91 4
70 64 69
71 56 39
72 92 18
73 83 42
74 64 46
75 98 50
76 39 53
77 55 39
78 48 44
79 57 1
80 15 87
81 68 54
82 31 86
83 3 21
84 19 63
85 95 58
86 14 59
87 65 90
88 91 7
89 65 84
90 50 95
91 35 29
92 78 1
93 34 79
94 15 10
95 75 31
96 51 72
97 42 83
98 78 18
99 37 38
100 70 76
101 94 24
102 72 0
103 0 52
104 53 30
105 45 15
106 42 23
107 63 15
108 84 93
109 65 20
110 13 100
111 48 71
112 0 2
113 76 82
114 85 60
115 89 11
116 17 42
117 38 32
118 84 82
119 100 62
120 25 3
121 10 10
122 59 94
123 40 19
124 95 75
125 16 47
126 38 49
127 19 20
128 77 91
129 4 86
130 62 70
131 62 100
132 4 52
133 35 92
134 28 69
135 89 23
136 89 81
137 65 39
138 98 38
139 81 93
140 73 48
141 27 65
142 36 22
143 67 5
144 19 91
145 69 66
146 91 94
147 31 7
148 78 68
149 4 70
150 88 61
151 79 60
152 43 67
153 8 91
154 39 29
155 59 69
156 18 95
157 3 95
158 25 80
159 15 28
160 16 56
161 50 65
162 74 21
163 57 40
164 39 65
165 46 77
166 1 55
167 100 6
168 65 73
169 11 47
170 51 12
171 59 79
172 71 85
173 48 23
174 60 46
175 15 31
176 86 40
177 73 52
178 40 43
179 8 35
180 23 91
181 62 31
182 72 38
183 3 14
184 19 54
185 56 69
186 29 75
187 0 33
188 85 10
189 2 84
190 4 20
191 41 97
192 11 26
193 99 63
194 74 66
195 24 61
196 94 36
197 90 91
198 87 10
199 92 29
200 68 98
201 67 87
202 17 2
203 66 75
204 7 50
205 72 91
206 22 47
207 7 54
208 91 78
209 75 83
210 29 28
211 61 62
212 24 9
213 3 89
214 73 76
215 92 61
216 96 95
217 45 58
218 93 95
219 44 3
220 47 88
221 33 27
222 1 23
223 93 36
224 96 94
225 44 49
226 79 30
227 59 85
228 2 35
229 80 95
230 7 69
231 37 71
232 10 71
233 98 33
234 51 31
235 88 5
236 7 70
237 20 54
238 78 42
239 30 40
240 11 56
241 64 4
242 96 11
243 71 56
244 63 73
245 82 83
246 44 57
247 5 58
248 70 62
249 46 31
250 4 85
251 72 90
252 73 49
253 20 13
254 85 85
255 69 35
256 16 92
257 79 89
258 77 17
259 14 67
260 66 26
261 66 69
262 93 47
263 29 25
264 41 92
265 5 82
266 24 0
267 66 80
268 17 4
269 72 89
270 27 83
271 66 29
272 5 15
273 58 11
274 80 17
275 74 75
276 39 30
277 77 35
278 78 39
279 100 84
280 16 28
281 71 38
282 52 96
283 31 40
284 55 59
285 77 65
286 56 50
287 92 10
288 67 70
289 100 21
290 79 50
291 66 60
292 27 37
293 39 52
294 48 58
295 33 77
296 80 69
297 42 15
298 71 53
299 10 24
300 71 67
301 79 5
302 38 52
303 92 13
304 81 60
305 99 98
306 72 60
307 29 12
308 80 89
309 50 48
310 81 11
311 10 75
312 93 33
313 4 15
314 31 77
315 24 92
316 81 43
317 53 47
318 62 67
319 48 38
320 21 11
321 58 63
322 1 47
323 71 16
324 80 75
325 20 85
326 4 71
327 46 98
328 60 87
329 37 34
330 47 50
331 61 34
332 99 82
333 72 29
334 46 39
335 52 25
336 66 24
337 10 40
338 53 42
339 68 71
340 27 12
341 27 18
342 37 60
343 27 56
344 3 76
345 42 57
346 71 47
347 78 91
348 96 31
349 79 83
350 33 80
351 72 28
352 25 19
353 73 1
354 76 23
355 34 95
356 42 76
357 57 84
358 23 20
359 28 19
360 34 39
361 69 12
362 39 75
363 33 28
364 65 27
365 58 8
366 16 88
367 96 2
368 61 48
369 13 63
370 96 54
371 62 10
372 91 44
373 92 81
374 87 65
375 46 87
376 79 93
377 69 7
378 6 81
379 1 30
380 62 44
381 10 99
382 5 54
383 45 49
384 93 26
385 65 25
386 59 18
387 76 50
388 58 40
389 55 88
390 41 94
391 99 3
392 84 26
393 36 25
394 40 47
395 16 38
396 86 69
397 55 35
398 91 43
399 76 2
400 3 24
401 85 28
402 20 18
403 11 80
404 20 63
405 90 14
406 10 64
407 29 55
408 2 86
409 96 15
410 18 19
411 52 15
412 23 23
413 25 11
414 52 100
415 74 57
416 100 64
417 67 89
418 37 41
419 97 86
420 29 42
421 23 81
422 36 91
423 55 61
424 69 56
425 7 23
426 87 1
427 16 86
428 91 15
429 26 56
430 57 21
431 76 38
432 53 38
433 41 28
434 83 70
435 73 45
436 30 1
437 68 79
438 17 54
439 59 35
440 80 11
441 66 22
442 50 8
443 61 44
444 2 20
445 89 95
446 32 52
447 84 86
448 90 32
449 91 60
450 62 29
451 45 13
452 79 88
453 75 54
454 69 4
455 48 9
456 96 24
457 27 20
458 83 52
459 77 37
460 69 42
461 44 77
462 1 80
463 59 7
464 84 56
465 60 4
466 33 17
467 0 81
468 4 32
469 35 62
470 70 78
471 12 52
472 50 73
473 28 32
474 98 4
475 44 68
476 56 43
477 85 59
478 6 32
479 90 69
480 42 38
481 87 62
482 79 66
483 72 76
484 60 39
485 2 23
486 31 4
487 57 22
488 96 69
489 64 10
490 5 69
491 48 64
492 45 48
493 24 54
494 70 5
495 93 5
496 2 28
497 17 90
498 60 2
