# N=499  D=45  Area=100
# id x y
0 50 50
1 28 95
2 45 65
3 99 88
4 62 97
5 43 24
6 7 57
7 94 7
8 25 43
9 18 22
10 73 59
11 7 17
12 11 58
13 59 69
14 53 87
15 74 34
16 55 86
17 75 54
18 64 62
19 60 3
20 59 80
21 64 32
22 10 65
23 96 58
24 33 0
25 69 86
26 9 35
27 5 9
28 63 87
29 44 25
30 97 98
31 76 54
32 38 42
33 59 86
34 86 62
35 79 90
36 98 79
37 94 63
38 99 97
39 5 78
40 86 59
41 51 64
42 24 84
43 10 7
44 47 45
45 74 74
46 29 28
47 97 49
48 57 40
49 85 79
50 80 63
51 78 18
52 33 1
53 16 69
54 47 90
55 96 31
56 77 80
57 98 7
58 73 73
59 45 69
60 58 62
61 69 29
62 89 39
63 17 19
64 13 100
65 88 34
66 38 51
67 5 77
68 10 97
69 29 14
70 51 87
71 71 53
72 67 11
73 10 19
74 76 60
75 47 65
76 95 50
77 97 70
78 95 32
79 85 61
80 65 9
81 3 51
82 86 69
83 70 62
84 97 21
85 56 46
86 32 57
87 80 58
88 79 37
89 55 31
90 86 6
91 72 51
92 31 22
93 31 27
94 32 79
95 72 69
96 52 2
97 67 23
98 92 8
99 93 27
100 36 83
101 42 90
102 44 22
103 31 29
104 67 22
105 51 86
106 55 24
107 69 11
108 100 62
109 6 78
110 25 97
111 64 13
112 22 70
113 93 23
114 60 22
115 89 10
116 84 22
117 34 2
118 11 78
119 44 31
120 93 2
121 14 55
122 0 28
123 47 82
124 3 74
125 99 73
126 26 66
127 71 55
128 65 84
129 48 82
130 79 73
131 98 56
132 21 25
133 93 100
134 15 9
135 62 12
136 89 45
137 18 89
138 88 2
139 35 3
140 76 79
141 54 86
142 57 11
143 71 70
144 88 53
145 64 18
146 75 1
147 66 2
148 11 1
149 38 68
150 49 57
151 32 19
152 49 66
153 28 79
154 95 29
155 24 32
156 81 95
157 56 72
158 94 24
159 50 82
160 92 30
161 70 98
162 15 62
163 94 11
164 11 24
165 98 69
166 83 69
167 75 40
168 81 88
169 20 43
170 66 57
171 67 25
172 56 91
173 21 10
174 25 48
175 74 22
176 12 89
177 47 1
178 55 22
179 37 70
180 37 38
181 77 98
182 37 43
183 58 54
184 87 22
185 14 100
186 80 33
187 34 83
188 99 18
189 90 62
190 3 13
191 90 67
192 84 70
193 24 56
194 84 92
195 39 27
196 51 69
197 35 45
198 84 84
199 29 76
200 43 48
201 56 31
202 9 15
203 87 23
204 40 95
205 31 51
206 46 75
207 22 23
208 27 80
209 1 58
210 58 23
211 39 26
212 36 84
213 57 92
214 76 1
215 29 68
216 72 0
217 88 93
218 19 65
219 96 92
220 72 8
221 10 94
222 39 77
223 71 35
224 14 88
225 50 66
226 0 4
227 14 5
228 56 63
229 10 14
230 94 54
231 34 6
232 28 53
233 21 70
234 17 88
235 79 84
236 34 5
237 71 10
238 54 38
239 37 37
240 75 80
241 58 28
242 14 96
243 41 91
244 97 66
245 79 56
246 50 2
247 99 55
248 62 83
249 52 33
250 23 25
251 79 79
252 5 69
253 5 34
254 24 2
255 40 79
256 69 58
257 10 17
258 46 93
259 7 42
260 65 33
261 20 53
262 4 75
263 100 76
264 68 48
265 3 6
266 88 51
267 56 74
268 16 5
269 5 56
270 62 32
271 77 52
272 76 61
273 11 11
274 95 5
275 10 73
276 37 44
277 42 61
278 83 68
279 90 79
280 50 17
281 65 24
282 22 81
283 59 53
284 51 20
285 67 12
286 90 95
287 89 60
288 98 75
289 4 70
290 76 51
291 40 43
292 30 82
293 4 50
294 1 67
295 35 64
296 53 73
297 54 36
298 12 64
299 5 20
300 5 58
301 58 41
302 83 56
303 54 54
304 53 52
305 66 27
306 17 61
307 4 73
308 43 14
309 63 75
310 50 6
311 35 99
312 89 64
313 82 77
314 74 2
315 51 58
316 63 50
317 18 28
318 88 14
319 3 40
320 98 67
321 63 86
322 67 34
323 82 98
324 42 12
325 56 76
326 69 41
327 16 26
328 29 98
329 47 75
330 28 34
331 21 89
332 48 96
333 9 99
334 64 65
335 21 75
336 72 41
337 8 100
338 66 21
339 35 72
340 32 64
341 83 71
342 41 42
343 53 76
344 43 36
345 98 2
346 40 19
347 100 61
348 6 12
349 80 8
350 74 93
351 50 35
352 3 35
353 34 93
354 3 46
355 89 87
356 84 31
357 53 68
358 12 72
359 6 98
360 41 59
361 44 89
362 33 94
363 80 41
364 51 67
365 91 49
366 65 31
367 49 27
368 18 63
369 31 18
370 78 91
371 46 74
372 69 59
373 72 62
374 56 48
375 83 33
376 5 93
377 94 49
378 12 51
379 45 18
380 97 8
381 76 20
382 3 32
383 15 11
384 65 39
385 86 93
386 34 32
387 32 18
388 17 80
389 44 55
390 44 66
391 23 90
392 13 72
393 77 94
394 15 100
395 11 3
396 47 67
397 1 41
398 78 69
399 22 26
400 74 60
401 8 85
402 0 81
403 38 13
404 29 20
405 4 78
406 81 78
407 25 31
408 98 16
409 21 59
410 77 12
411 41 8
412 59 89
413 88 91
414 99 78
415 80 31
416 86 0
417 15 88
418 35 75
419 8 31
420 65 18
421 43 61
422 31 64
423 72 86
424 61 7
425 85 74
426 1 36
427 49 96
428 76 28
429 44 75
430 15 56
431 68 56
432 48 8
433 46 13
434 93 81
435 71 87
436 45 37
437 44 100
438 71 4
439 16 29
440 24 51
441 37 5
442 19 17
443 58 3
444 23 54
445 29 88
446 75 53
447 86 57
448 59 77
449 85 63
450 60 69
451 83 50
452 44 27
453 55 11
454 92 45
455 62 91
456 95 60
457 39 75
458 69 32
459 77 81
460 76 27
461 6 65
462 50 46
463 93 88
464 61 80
465 92 55
466 37 9
467 63 73
468 95 3
469 90 81
470 80 7
471 16 19
472 31 25
473 82 28
474 28 69
475 54 40
476 33 11
477 79 17
478 89 20
479 70 10
480 95 67
481 77 40
482 3 88
483 29 15
484 38 25
485 69 0
486 73 47
487 54 91
488 100 35
489 88 74
490 80 16
491 13 33
492 50 37
493 74 27
494 69 88
495 91 54
496 28 84
497 98 53
498 17 30
