# N=499  D=30  Area=100
# id x y
0 50 50
1 65 99
2 84 94
3 75 34
4 98 29
5 38 20
6 30 63
7 8 6
8 74 84
9 67 5
10 46 83
11 62 76
12 0 18
13 55 40
14 44 48
15 4 57
16 77 28
17 14 51
18 10 83
19 7 22
20 100 72
21 59 52
22 93 31
23 45 37
24 72 1
25 82 85
26 95 28
27 3 84
28 3 33
29 55 17
30 57 48
31 45 83
32 25 53
33 14 92
34 45 73
35 60 17
36 13 4
37 33 20
38 57 58
39 92 24
40 8 58
41 33 47
42 75 89
43 10 55
44 2 82
45 91 3
46 68 58
47 8 63
48 20 25
49 26 38
50 24 48
51 60 79
52 76 76
53 15 29
54 70 68
55 93 100
56 70 27
57 90 15
58 52 59
59 75 21
60 58 55
61 14 0
62 86 89
63 92 62
64 12 75
65 92 44
66 89 16
67 66 15
68 29 20
69 41 4
70 42 15
71 51 63
72 61 54
73 49 43
74 58 95
75 48 34
76 61 91
77 1 55
78 52 92
79 90 8
80 35 68
81 23 52
82 48 10
83 50 37
84 54 66
85 36 98
86 69 88
87 96 34
88 62 81
89 22 26
90 72 63
91 84 75
92 2 62
93 21 77
94 77 8
95 31 0
96 27 6
97 97 54
98 99 52
99 71 41
100 11 38
101 40 74
102 89 1
103 47 89
104 72 51
105 28 68
106 53 25
107 85 5
108 59 38
109 38 65
110 43 2
111 31 18
112 20 99
113 27 12
114 14 48
115 37 6
116 9 53
117 96 96
118 60 42
119 53 44
120 27 83
121 64 12
122 9 99
123 75 16
124 53 6
125 6 25
126 29 58
127 86 23
128 23 22
129 51 15
130 2 91
131 37 26
132 58 11
133 39 60
134 18 70
135 6 100
136 24 26
137 86 32
138 29 40
139 95 98
140 5 57
141 12 44
142 72 18
143 13 96
144 58 51
145 54 78
146 70 67
147 95 79
148 25 8
149 69 52
150 86 93
151 25 71
152 36 95
153 42 68
154 15 0
155 40 83
156 48 7
157 54 15
158 54 18
159 21 42
160 81 9
161 25 92
162 35 82
163 4 39
164 86 79
165 43 60
166 2 63
167 82 76
168 26 7
169 3 62
170 20 84
171 21 13
172 94 55
173 87 98
174 43 93
175 82 68
176 95 8
177 54 6
178 89 7
179 85 97
180 6 87
181 65 26
182 99 44
183 37 54
184 47 88
185 54 79
186 28 31
187 16 74
188 93 18
189 87 34
190 94 39
191 97 50
192 8 8
193 6 40
194 45 44
195 12 52
196 33 24
197 84 15
198 38 88
199 72 21
200 34 45
201 22 30
202 89 77
203 33 36
204 38 11
205 22 97
206 67 38
207 0 99
208 76 59
209 43 32
210 95 81
211 7 9
212 40 0
213 63 91
214 70 11
215 45 84
216 15 87
217 36 25
218 88 1
219 31 73
220 54 65
221 73 71
222 4 66
223 77 94
224 88 52
225 42 51
226 78 25
227 96 65
228 50 98
229 95 65
230 12 65
231 53 29
232 19 57
233 43 3
234 83 60
235 98 77
236 49 28
237 16 4
238 13 18
239 47 92
240 30 65
241 74 72
242 0 48
243 32 13
244 4 3
245 65 16
246 10 93
247 3 53
248 69 34
249 23 59
250 54 43
251 60 57
252 19 21
253 96 56
254 16 65
255 97 28
256 47 80
257 65 23
258 79 77
259 72 67
260 13 74
261 60 15
262 53 0
263 54 69
264 49 60
265 0 57
266 96 28
267 72 14
268 6 24
269 52 88
270 23 65
271 67 32
272 3 73
273 84 64
274 55 11
275 91 45
276 1 53
277 73 40
278 42 92
279 99 18
280 97 39
281 26 3
282 78 11
283 16 50
284 22 32
285 50 82
286 14 79
287 74 27
288 100 23
289 24 2
290 9 54
291 12 9
292 68 18
293 4 19
294 29 60
295 42 38
296 23 88
297 7 33
298 61 28
299 32 58
300 10 2
301 59 63
302 31 46
303 6 95
304 45 72
305 68 68
306 15 37
307 2 69
308 58 36
309 39 4
310 43 95
311 57 33
312 75 64
313 19 89
314 13 82
315 69 1
316 16 42
317 45 76
318 30 41
319 9 51
320 3 8
321 21 40
322 2 50
323 33 78
324 9 78
325 79 32
326 54 61
327 47 32
328 56 87
329 95 42
330 59 67
331 94 80
332 100 8
333 80 82
334 81 66
335 32 95
336 82 71
337 19 38
338 41 29
339 65 69
340 1 42
341 29 77
342 63 100
343 34 35
344 22 5
345 89 85
346 11 72
347 84 20
348 65 87
349 6 69
350 77 81
351 60 43
352 80 12
353 44 2
354 81 95
355 38 57
356 11 33
357 47 39
358 54 85
359 47 44
360 82 28
361 96 20
362 58 53
363 12 78
364 23 95
365 52 16
366 13 49
367 24 94
368 20 38
369 31 9
370 13 91
371 93 44
372 17 94
373 29 10
374 29 65
375 64 6
376 80 28
377 74 20
378 72 28
379 15 94
380 40 70
381 90 61
382 74 21
383 68 45
384 13 56
385 76 60
386 99 3
387 0 20
388 37 41
389 64 88
390 71 45
391 29 97
392 56 86
393 80 18
394 52 49
395 5 11
396 74 30
397 85 8
398 72 92
399 91 24
400 3 65
401 10 41
402 30 44
403 2 78
404 49 45
405 71 73
406 25 52
407 68 40
408 20 10
409 50 80
410 52 86
411 26 62
412 46 46
413 79 62
414 40 93
415 80 25
416 76 15
417 36 22
418 47 78
419 83 62
420 24 97
421 23 96
422 87 81
423 25 0
424 24 80
425 1 84
426 86 100
427 49 84
428 72 88
429 51 0
430 77 38
431 44 1
432 94 22
433 15 80
434 47 54
435 20 26
436 70 71
437 90 21
438 54 44
439 8 24
440 42 0
441 94 5
442 89 34
443 9 11
444 73 52
445 41 67
446 21 54
447 28 2
448 52 96
449 17 98
450 3 74
451 53 41
452 80 85
453 72 5
454 29 1
455 60 31
456 58 23
457 65 29
458 86 35
459 46 76
460 72 9
461 15 14
462 90 100
463 84 67
464 92 76
465 35 85
466 94 65
467 72 38
468 57 43
469 82 29
470 43 29
471 10 8
472 63 32
473 81 11
474 53 19
475 93 69
476 56 34
477 61 94
478 69 66
479 25 56
480 2 74
481 80 100
482 57 80
483 64 49
484 24 10
485 19 92
486 62 8
487 20 100
488 38 38
489 0 85
490 82 36
491 13 48
492 66 41
493 37 84
494 11 1
495 85 4
496 97 37
497 90 38
498 96 78
