# N=499  D=30  Area=100
# id x y
0 50 50
1 66 69
2 63 54
3 60 15
4 7 41
5 88 79
6 94 39
7 69 39
8 99 48
9 47 70
10 20 72
11 15 59
12 81 97
13 17 42
14 3 92
15 79 89
16 94 28
17 20 94
18 92 24
19 80 58
20 39 32
21 38 8
22 77 24
23 24 27
24 69 20
25 62 4
26 76 3
27 52 78
28 92 56
29 17 100
30 75 25
31 28 61
32 90 56
33 81 18
34 53 63
35 36 0
36 8 51
37 20 0
38 90 30
39 81 19
40 26 47
41 72 38
42 43 71
43 89 19
44 23 80
45 6 18
46 85 45
47 49 49
48 75 81
49 20 15
50 19 35
51 32 55
52 80 81
53 6 56
54 18 38
55 72 48
56 11 77
57 97 73
58 17 2
59 45 91
60 26 31
61 69 93
62 64 68
63 79 64
64 68 83
65 70 2
66 41 68
67 9 67
68 59 85
69 35 5
70 38 93
71 71 57
72 4 82
73 85 47
74 1 43
75 15 84
76 1 60
77 80 90
78 33 53
79 60 74
80 2 32
81 9 34
82 94 44
83 96 97
84 100 60
85 96 72
86 48 18
87 59 34
88 30 39
89 54 18
90 82 7
91 23 50
92 31 33
93 93 69
94 27 90
95 97 28
96 97 94
97 40 77
98 7 50
99 49 68
100 46 52
101 69 2
102 92 23
103 8 4
104 36 32
105 78 90
106 0 87
107 89 14
108 76 27
109 17 12
110 65 33
111 49 9
112 97 7
113 92 12
114 7 88
115 51 89
116 11 16
117 76 97
118 5 58
119 87 53
120 1 71
121 12 26
122 78 7
123 27 1
124 63 75
125 29 84
126 12 87
127 43 18
128 73 27
129 93 86
130 17 99
131 29 64
132 30 25
133 71 94
134 37 17
135 24 36
136 29 48
137 18 61
138 24 24
139 99 35
140 89 26
141 23 8
142 45 62
143 8 68
144 53 20
145 100 99
146 2 94
147 58 75
148 58 45
149 53 64
150 35 57
151 25 40
152 86 16
153 9 98
154 26 24
155 30 82
156 98 96
157 61 39
158 93 8
159 20 48
160 3 31
161 4 59
162 54 85
163 63 97
164 0 2
165 81 27
166 91 1
167 100 77
168 23 39
169 6 78
170 33 74
171 73 12
172 76 17
173 87 93
174 92 57
175 31 88
176 48 42
177 12 46
178 9 80
179 6 44
180 39 51
181 3 5
182 11 36
183 70 53
184 44 11
185 51 48
186 50 5
187 64 19
188 71 42
189 98 40
190 59 18
191 67 68
192 95 17
193 29 94
194 9 7
195 47 90
196 21 10
197 12 63
198 63 33
199 100 20
200 1 15
201 92 79
202 62 79
203 60 83
204 57 3
205 69 50
206 0 53
207 83 86
208 63 31
209 90 11
210 27 65
211 41 36
212 38 19
213 72 54
214 12 44
215 58 42
216 17 84
217 5 12
218 10 13
219 83 11
220 12 55
221 1 85
222 37 19
223 86 90
224 47 51
225 7 40
226 59 79
227 12 36
228 32 0
229 3 72
230 29 40
231 59 29
232 55 70
233 11 0
234 90 28
235 41 54
236 86 84
237 79 99
238 60 33
239 50 71
240 79 31
241 42 87
242 32 92
243 96 27
244 99 82
245 77 90
246 59 33
247 65 100
248 80 14
249 9 1
250 37 61
251 90 43
252 8 71
253 51 55
254 21 28
255 63 64
256 86 77
257 25 34
258 93 33
259 29 45
260 27 94
261 60 30
262 20 37
263 94 0
264 2 53
265 70 10
266 58 3
267 13 84
268 70 80
269 26 57
270 47 50
271 4 46
272 87 95
273 23 56
274 75 86
275 80 50
276 87 68
277 48 22
278 47 94
279 96 35
280 20 46
281 31 89
282 41 44
283 61 56
284 49 88
285 20 49
286 5 16
287 0 56
288 99 91
289 90 100
290 14 86
291 75 84
292 100 25
293 84 27
294 56 6
295 62 78
296 40 76
297 45 22
298 3 6
299 64 9
300 35 61
301 27 44
302 4 67
303 48 21
304 85 39
305 39 20
306 33 75
307 45 71
308 2 16
309 59 100
310 78 83
311 33 1
312 56 2
313 70 59
314 4 25
315 80 28
316 78 29
317 34 36
318 22 89
319 56 13
320 89 100
321 51 85
322 4 80
323 65 93
324 89 23
325 20 24
326 72 81
327 0 84
328 38 55
329 62 94
330 83 97
331 39 33
332 95 85
333 38 26
334 48 37
335 34 56
336 21 82
337 28 0
338 74 56
339 20 89
340 19 30
341 18 1
342 25 91
343 45 69
344 5 52
345 74 45
346 40 60
347 34 72
348 19 17
349 79 79
350 83 19
351 73 1
352 55 93
353 80 52
354 74 23
355 15 1
356 63 32
357 20 3
358 77 84
359 35 74
360 44 13
361 90 76
362 45 72
363 10 57
364 42 95
365 80 77
366 0 27
367 12 0
368 71 26
369 22 48
370 68 47
371 59 97
372 33 8
373 98 37
374 93 3
375 27 0
376 13 58
377 7 73
378 1 87
379 48 49
380 92 8
381 19 92
382 32 44
383 95 14
384 24 1
385 59 9
386 54 34
387 13 28
388 63 85
389 21 50
390 78 78
391 46 73
392 5 27
393 71 25
394 37 95
395 12 33
396 50 7
397 5 95
398 64 66
399 96 81
400 8 17
401 16 39
402 93 56
403 27 52
404 91 68
405 99 77
406 6 98
407 99 4
408 42 68
409 73 13
410 45 42
411 49 98
412 68 94
413 86 76
414 30 79
415 94 14
416 26 78
417 2 42
418 37 46
419 71 33
420 10 35
421 78 91
422 60 53
423 98 66
424 15 56
425 20 40
426 40 34
427 35 63
428 12 13
429 27 85
430 85 6
431 93 12
432 7 71
433 48 62
434 59 1
435 6 52
436 17 38
437 39 48
438 46 91
439 69 87
440 32 12
441 37 9
442 30 66
443 4 93
444 49 65
445 65 0
446 95 57
447 37 79
448 42 23
449 93 67
450 37 77
451 4 88
452 21 40
453 0 32
454 42 90
455 42 1
456 2 15
457 97 49
458 85 80
459 21 83
460 87 91
461 37 63
462 84 89
463 12 18
464 47 59
465 94 38
466 59 77
467 72 33
468 38 98
469 71 32
470 9 99
471 45 53
472 23 77
473 96 41
474 7 33
475 31 27
476 13 89
477 41 34
478 46 17
479 29 81
480 53 40
481 8 90
482 92 64
483 85 22
484 47 28
485 62 84
486 44 26
487 78 80
488 95 86
489 62 5
490 44 82
491 37 41
492 74 84
493 46 28
494 89 51
495 42 93
496 98 99
497 90 61
498 41 83
