# N=499  D=30  Area=100
# id x y
0 50 50
1 66 54
2 58 59
3 7 17
4 9 70
5 61 53
6 45 86
7 53 64
8 93 36
9 38 49
10 0 27
11 94 39
12 94 34
13 74 34
14 63 71
15 3 46
16 28 94
17 25 36
18 40 4
19 90 35
20 49 43
21 32 41
22 87 66
23 87 17
24 34 43
25 49 96
26 3 57
27 39 89
28 92 24
29 23 43
30 17 33
31 57 27
32 19 39
33 62 83
34 20 8
35 74 81
36 45 97
37 40 98
38 57 25
39 83 24
40 60 76
41 9 9
42 99 17
43 24 49
44 49 15
45 30 70
46 59 67
47 44 86
48 40 94
49 65 6
50 61 82
51 25 82
52 98 94
53 81 61
54 20 99
55 48 72
56 19 58
57 81 94
58 48 12
59 17 34
60 32 28
61 88 37
62 73 38
63 93 27
64 27 31
65 96 53
66 52 90
67 13 13
68 51 65
69 3 5
70 30 26
71 53 37
72 99 63
73 75 33
74 72 92
75 36 59
76 52 71
77 39 15
78 14 75
79 55 6
80 7 86
81 92 10
82 28 19
83 72 82
84 28 14
85 90 39
86 93 87
87 22 88
88 61 63
89 70 8
90 33 95
91 52 91
92 77 12
93 20 5
94 90 33
95 1 92
96 75 43
97 5 57
98 99 48
99 81 20
100 6 25
101 3 40
102 97 23
103 76 91
104 63 39
105 97 81
106 37 13
107 38 94
108 80 52
109 83 68
110 38 56
111 84 87
112 86 94
113 24 8
114 50 98
115 70 66
116 79 31
117 23 72
118 33 13
119 30 88
120 85 50
121 37 96
122 49 5
123 63 7
124 84 10
125 59 69
126 17 67
127 7 77
128 92 50
129 0 70
130 32 72
131 45 9
132 63 66
133 37 99
134 82 83
135 61 58
136 87 98
137 25 81
138 16 81
139 31 83
140 53 88
141 97 47
142 37 63
143 58 74
144 58 89
145 67 69
146 87 1
147 20 23
148 49 23
149 25 23
150 63 14
151 64 78
152 39 13
153 62 58
154 76 66
155 97 87
156 77 59
157 50 12
158 15 82
159 100 23
160 7 58
161 66 55
162 21 70
163 94 62
164 22 86
165 22 57
166 84 59
167 16 11
168 1 30
169 69 56
170 79 74
171 62 97
172 82 34
173 16 6
174 79 75
175 1 21
176 6 84
177 46 9
178 32 11
179 97 51
180 44 80
181 30 90
182 99 28
183 10 44
184 62 8
185 49 17
186 19 57
187 94 79
188 77 83
189 65 36
190 8 51
191 54 28
192 58 0
193 26 60
194 73 68
195 32 61
196 82 56
197 39 50
198 33 40
199 9 97
200 64 43
201 68 52
202 69 91
203 9 45
204 96 8
205 78 16
206 20 51
207 93 79
208 2 57
209 82 76
210 60 92
211 45 1
212 41 78
213 47 60
214 76 7
215 92 0
216 44 32
217 10 26
218 67 93
219 23 25
220 17 36
221 66 15
222 72 64
223 90 41
224 92 60
225 12 2
226 34 2
227 70 6
228 6 68
229 14 34
230 56 43
231 35 27
232 88 48
233 51 8
234 58 30
235 23 60
236 13 77
237 11 21
238 24 24
239 97 91
240 76 17
241 93 50
242 9 67
243 72 4
244 2 78
245 89 50
246 92 100
247 70 24
248 83 5
249 30 69
250 57 48
251 0 26
252 67 18
253 99 21
254 99 97
255 29 18
256 63 51
257 9 74
258 29 30
259 76 51
260 43 92
261 21 51
262 67 42
263 86 43
264 75 98
265 9 30
266 99 74
267 40 8
268 41 93
269 38 32
270 64 88
271 20 63
272 77 94
273 8 84
274 47 91
275 36 15
276 9 58
277 30 75
278 54 89
279 17 30
280 49 94
281 65 23
282 97 49
283 64 24
284 69 74
285 11 26
286 90 53
287 49 36
288 46 43
289 59 15
290 81 92
291 72 9
292 50 1
293 84 46
294 99 20
295 47 61
296 17 31
297 73 9
298 100 0
299 78 83
300 20 11
301 93 14
302 55 74
303 25 6
304 22 96
305 34 17
306 33 43
307 14 10
308 14 93
309 5 38
310 44 59
311 28 88
312 63 24
313 46 90
314 45 78
315 4 10
316 43 77
317 61 27
318 25 42
319 18 47
320 45 17
321 31 4
322 27 42
323 76 96
324 53 79
325 67 25
326 88 88
327 48 10
328 61 31
329 39 68
330 74 37
331 78 96
332 66 11
333 48 65
334 67 89
335 87 80
336 34 29
337 1 68
338 29 32
339 22 49
340 58 78
341 74 62
342 99 12
343 85 20
344 90 99
345 47 17
346 45 34
347 33 83
348 17 92
349 0 50
350 5 20
351 12 53
352 31 58
353 14 37
354 85 3
355 81 63
356 14 6
357 36 69
358 27 67
359 30 73
360 99 78
361 60 23
362 65 55
363 37 33
364 54 56
365 97 18
366 83 43
367 18 24
368 2 19
369 60 57
370 98 98
371 60 40
372 34 80
373 49 81
374 19 49
375 18 79
376 13 44
377 74 76
378 80 30
379 69 26
380 34 33
381 55 80
382 94 47
383 81 62
384 27 100
385 32 43
386 73 56
387 92 82
388 9 59
389 32 13
390 11 43
391 88 43
392 48 55
393 7 69
394 0 52
395 10 75
396 57 74
397 4 82
398 28 52
399 29 14
400 38 68
401 38 83
402 83 15
403 62 30
404 32 77
405 73 37
406 4 48
407 55 77
408 2 51
409 79 56
410 60 99
411 86 87
412 11 90
413 58 10
414 15 53
415 90 6
416 5 34
417 16 55
418 99 5
419 41 92
420 70 20
421 69 4
422 73 46
423 91 53
424 8 43
425 39 18
426 77 18
427 95 49
428 49 78
429 94 29
430 36 12
431 45 48
432 41 8
433 66 88
434 99 55
435 12 13
436 9 53
437 72 57
438 69 60
439 59 68
440 57 54
441 48 96
442 80 67
443 74 51
444 77 82
445 36 1
446 92 88
447 88 97
448 35 64
449 14 100
450 17 85
451 69 6
452 21 27
453 27 1
454 92 70
455 21 6
456 37 23
457 12 48
458 27 61
459 35 79
460 5 41
461 33 56
462 18 81
463 35 67
464 64 7
465 11 32
466 54 32
467 95 73
468 21 94
469 28 82
470 54 38
471 51 11
472 3 55
473 72 20
474 62 11
475 31 47
476 67 28
477 26 88
478 85 28
479 54 45
480 38 96
481 67 17
482 45 4
483 49 66
484 85 85
485 21 26
486 85 17
487 94 64
488 34 100
489 65 59
490 10 10
491 20 84
492 45 40
493 25 45
494 3 75
495 84 16
496 20 54
497 35 89
498 30 98
