# N=499  D=30  Area=100
# id x y
0 50 50
1 79 87
2 32 83
3 88 82
4 65 69
5 62 28
6 15 56
7 44 36
8 42 49
9 98 40
10 4 64
11 8 79
12 5 58
13 68 22
14 7 21
15 63 47
16 59 59
17 39 37
18 79 97
19 92 5
20 79 82
21 53 4
22 28 76
23 34 41
24 94 63
25 76 47
26 6 14
27 4 81
28 51 50
29 33 52
30 16 62
31 54 61
32 89 7
33 81 34
34 32 45
35 45 85
36 33 97
37 67 41
38 3 79
39 8 49
40 63 9
41 82 62
42 18 93
43 16 77
44 8 73
45 21 83
46 23 53
47 39 8
48 5 15
49 64 21
50 89 55
51 31 99
52 34 59
53 18 24
54 23 14
55 39 79
56 92 52
57 58 20
58 1 29
59 35 11
60 53 17
61 42 30
62 86 45
63 78 8
64 21 88
65 54 78
66 80 81
67 8 3
68 22 17
69 19 85
70 65 31
71 89 6
72 1 34
73 14 26
74 35 42
75 41 91
76 84 23
77 55 7
78 98 66
79 37 6
80 85 60
81 20 14
82 21 64
83 13 74
84 83 87
85 42 9
86 6 90
87 98 45
88 0 51
89 34 29
90 89 8
91 62 94
92 84 66
93 27 83
94 62 76
95 7 14
96 50 36
97 21 22
98 82 5
99 74 62
100 52 34
101 20 39
102 23 48
103 57 66
104 15 71
105 9 28
106 45 59
107 40 34
108 35 18
109 93 67
110 41 85
111 23 87
112 79 27
113 78 62
114 83 13
115 39 99
116 77 21
117 48 97
118 71 39
119 63 6
120 74 5
121 83 31
122 56 66
123 87 96
124 6 91
125 68 9
126 29 65
127 85 37
128 26 61
129 69 61
130 41 68
131 7 18
132 55 21
133 69 19
134 97 39
135 6 28
136 58 26
137 51 21
138 92 11
139 23 7
140 54 8
141 4 80
142 2 16
143 81 62
144 50 51
145 38 91
146 90 46
147 45 49
148 29 30
149 25 12
150 42 45
151 20 12
152 74 60
153 60 63
154 64 22
155 62 38
156 70 86
157 27 72
158 58 84
159 14 39
160 64 29
161 75 65
162 53 21
163 81 69
164 25 66
165 86 66
166 44 87
167 42 26
168 44 97
169 56 42
170 72 7
171 86 43
172 36 98
173 9 81
174 83 18
175 93 33
176 72 97
177 41 27
178 83 6
179 93 4
180 23 60
181 14 59
182 64 98
183 48 19
184 87 20
185 46 99
186 76 18
187 31 7
188 56 70
189 38 82
190 56 64
191 90 54
192 69 56
193 99 41
194 64 75
195 33 90
196 53 73
197 40 59
198 59 20
199 4 4
200 33 67
201 28 59
202 81 48
203 49 12
204 80 66
205 66 99
206 29 79
207 92 96
208 87 75
209 74 28
210 33 34
211 0 76
212 25 4
213 92 50
214 83 90
215 67 8
216 98 38
217 2 32
218 18 27
219 38 92
220 46 30
221 20 43
222 14 34
223 73 26
224 22 63
225 87 55
226 89 29
227 45 10
228 23 81
229 9 66
230 27 91
231 16 61
232 61 19
233 81 74
234 14 0
235 73 95
236 91 78
237 10 100
238 20 77
239 52 60
240 7 1
241 49 57
242 56 2
243 7 41
244 62 16
245 66 75
246 40 60
247 28 24
248 28 87
249 14 85
250 97 12
251 23 93
252 43 18
253 1 50
254 62 29
255 63 90
256 62 12
257 7 80
258 2 55
259 33 29
260 100 62
261 6 35
262 80 26
263 18 59
264 69 13
265 92 92
266 23 5
267 11 50
268 55 47
269 6 75
270 40 48
271 89 4
272 48 13
273 20 22
274 71 49
275 4 18
276 68 41
277 71 72
278 16 69
279 61 41
280 100 4
281 91 65
282 40 14
283 4 54
284 92 55
285 17 12
286 72 8
287 60 12
288 19 52
289 19 88
290 59 68
291 36 33
292 56 76
293 32 10
294 93 41
295 89 22
296 86 19
297 71 46
298 34 60
299 4 50
300 47 21
301 13 63
302 2 4
303 88 67
304 58 19
305 41 42
306 43 15
307 66 54
308 52 12
309 71 80
310 65 48
311 63 48
312 47 84
313 76 21
314 69 15
315 7 20
316 18 77
317 50 87
318 12 67
319 2 13
320 3 96
321 37 87
322 39 94
323 33 81
324 61 27
325 88 71
326 49 81
327 18 64
328 74 56
329 23 67
330 100 5
331 56 53
332 95 61
333 92 18
334 5 99
335 16 23
336 19 89
337 75 18
338 80 41
339 5 45
340 39 46
341 7 90
342 20 85
343 89 57
344 93 29
345 94 22
346 29 100
347 42 4
348 12 39
349 21 97
350 65 77
351 10 5
352 53 18
353 49 54
354 40 22
355 17 80
356 22 21
357 84 47
358 97 4
359 51 40
360 98 3
361 96 96
362 20 71
363 69 22
364 95 86
365 62 93
366 87 11
367 98 42
368 94 6
369 6 15
370 69 96
371 76 35
372 77 96
373 100 41
374 83 92
375 27 31
376 97 5
377 98 77
378 3 51
379 67 9
380 88 48
381 52 54
382 86 69
383 4 15
384 47 55
385 47 37
386 23 57
387 42 100
388 31 30
389 68 12
390 98 39
391 73 50
392 76 68
393 71 50
394 34 3
395 39 43
396 78 74
397 40 96
398 11 83
399 82 65
400 92 36
401 39 83
402 41 24
403 81 11
404 30 9
405 84 98
406 72 96
407 83 91
408 49 0
409 100 16
410 73 9
411 11 3
412 31 9
413 55 70
414 49 92
415 35 59
416 17 96
417 78 56
418 52 55
419 52 25
420 72 40
421 19 54
422 43 83
423 92 1
424 15 30
425 68 79
426 85 35
427 70 62
428 89 63
429 82 43
430 45 67
431 49 97
432 9 86
433 73 37
434 31 77
435 59 12
436 77 93
437 96 51
438 53 79
439 83 74
440 75 37
441 0 47
442 61 16
443 90 33
444 88 76
445 23 39
446 26 37
447 89 1
448 55 36
449 65 85
450 98 18
451 61 22
452 66 74
453 1 21
454 97 81
455 18 56
456 62 62
457 19 58
458 12 53
459 74 32
460 72 81
461 39 56
462 16 48
463 1 91
464 29 60
465 47 69
466 31 88
467 47 68
468 69 90
469 85 86
470 75 52
471 27 62
472 68 56
473 91 63
474 56 19
475 23 71
476 65 79
477 88 0
478 67 49
479 72 61
480 58 64
481 96 93
482 98 61
483 31 62
484 36 17
485 72 84
486 68 20
487 80 14
488 56 77
489 62 43
490 96 73
491 78 79
492 83 9
493 95 87
494 93 78
495 24 75
496 94 65
497 98 14
498 42 32
