# N=999  D=45  Area=100
# id x y
0 50 50
1 64 92
2 30 76
3 51 84
4 83 60
5 90 91
6 64 49
7 43 20
8 82 82
9 89 53
10 1 51
11 88 67
12 28 18
13 1 54
14 18 33
15 39 100
16 29 25
17 82 59
18 6 84
19 29 99
20 40 80
21 90 61
22 13 9
23 13 20
24 3 63
25 50 44
26 13 33
27 21 65
28 12 21
29 8 41
30 11 10
31 32 73
32 99 29
33 92 59
34 6 51
35 19 49
36 3 18
37 61 63
38 54 51
39 58 74
40 27 31
41 66 19
42 82 4
43 61 28
44 40 53
45 67 3
46 22 80
47 63 96
48 5 32
49 39 15
50 89 45
51 5 0
52 69 59
53 14 47
54 67 70
55 54 3
56 80 87
57 53 9
58 88 25
59 34 46
60 47 74
61 53 37
62 86 64
63 71 4
64 85 34
65 66 36
66 21 89
67 11 11
68 11 92
69 45 34
70 100 27
71 35 33
72 17 64
73 11 40
74 29 32
75 60 72
76 6 24
77 52 92
78 9 61
79 7 52
80 54 49
81 97 4
82 41 92
83 91 45
84 51 68
85 44 94
86 3 98
87 16 93
88 77 83
89 23 54
90 29 61
91 23 23
92 15 37
93 81 43
94 55 33
95 79 51
96 42 82
97 31 79
98 5 97
99 86 21
100 87 13
101 32 51
102 85 90
103 59 65
104 0 37
105 62 39
106 31 65
107 36 99
108 69 85
109 5 45
110 85 46
111 92 43
112 35 21
113 98 15
114 84 79
115 81 89
116 63 79
117 57 10
118 23 59
119 99 78
120 88 74
121 19 22
122 40 15
123 12 72
124 27 40
125 99 37
126 67 94
127 80 56
128 8 76
129 84 33
130 27 68
131 81 90
132 65 90
133 95 36
134 96 74
135 14 96
136 15 70
137 56 25
138 58 36
139 56 16
140 19 53
141 93 55
142 64 10
143 100 49
144 46 77
145 26 12
146 0 84
147 31 36
148 68 64
149 67 28
150 11 51
151 98 67
152 68 77
153 9 39
154 2 39
155 100 3
156 36 78
157 20 77
158 3 28
159 49 9
160 92 22
161 15 78
162 77 91
163 45 12
164 17 87
165 89 33
166 64 90
167 26 0
168 24 72
169 27 39
170 48 40
171 49 38
172 16 26
173 93 92
174 3 69
175 4 24
176 4 68
177 29 13
178 77 30
179 21 53
180 60 57
181 61 69
182 8 15
183 12 31
184 96 60
185 22 52
186 100 66
187 38 69
188 43 13
189 53 72
190 73 73
191 42 4
192 37 89
193 21 33
194 55 8
195 76 70
196 37 67
197 72 62
198 14 46
199 0 27
200 97 33
201 24 14
202 84 76
203 1 82
204 47 48
205 97 40
206 68 40
207 96 61
208 95 80
209 79 65
210 26 62
211 92 65
212 37 53
213 98 72
214 5 94
215 70 53
216 77 58
217 18 46
218 53 92
219 5 92
220 53 23
221 50 33
222 39 54
223 92 63
224 41 12
225 15 95
226 62 50
227 14 11
228 3 77
229 68 29
230 95 14
231 58 66
232 44 12
233 70 87
234 27 26
235 78 29
236 96 57
237 0 24
238 97 36
239 87 78
240 30 48
241 78 66
242 71 55
243 83 66
244 98 45
245 77 37
246 38 21
247 90 2
248 97 7
249 63 7
250 17 43
251 79 14
252 69 17
253 41 34
254 44 40
255 88 84
256 21 70
257 56 38
258 29 93
259 22 60
260 52 72
261 93 26
262 52 13
263 30 13
264 68 22
265 88 68
266 0 20
267 93 74
268 78 62
269 59 21
270 80 52
271 27 22
272 30 80
273 69 53
274 80 95
275 17 65
276 40 50
277 32 20
278 25 91
279 51 23
280 62 57
281 5 71
282 50 13
283 38 16
284 59 75
285 88 11
286 35 95
287 31 82
288 69 97
289 16 50
290 76 98
291 69 45
292 38 14
293 69 5
294 46 7
295 7 69
296 55 78
297 55 87
298 82 87
299 7 6
300 83 84
301 54 60
302 60 38
303 27 99
304 91 100
305 98 91
306 74 31
307 45 9
308 73 87
309 41 29
310 52 77
311 22 48
312 66 74
313 71 70
314 78 11
315 94 31
316 70 88
317 43 17
318 76 34
319 47 88
320 19 7
321 61 2
322 85 66
323 29 84
324 70 13
325 44 10
326 41 44
327 69 42
328 46 86
329 7 94
330 11 100
331 78 76
332 91 95
333 43 32
334 20 21
335 46 0
336 25 24
337 2 34
338 13 46
339 49 2
340 11 20
341 87 74
342 99 27
343 73 49
344 65 22
345 18 16
346 80 78
347 18 60
348 48 31
349 21 20
350 59 51
351 15 10
352 58 41
353 100 71
354 50 99
355 84 85
356 59 79
357 21 92
358 86 94
359 77 25
360 46 56
361 75 44
362 100 51
363 78 9
364 93 40
365 23 77
366 16 79
367 76 87
368 7 86
369 94 64
370 9 80
371 26 91
372 20 55
373 44 24
374 49 24
375 37 48
376 19 97
377 42 30
378 8 34
379 72 35
380 57 21
381 32 14
382 35 78
383 67 4
384 15 59
385 59 49
386 11 9
387 100 40
388 63 14
389 87 1
390 85 54
391 3 34
392 8 8
393 48 17
394 21 43
395 94 43
396 95 59
397 84 59
398 2 24
399 38 18
400 57 14
401 5 74
402 12 50
403 48 74
404 87 4
405 24 10
406 13 34
407 80 92
408 50 60
409 10 81
410 82 30
411 90 82
412 12 1
413 86 99
414 34 91
415 14 70
416 96 99
417 8 78
418 71 83
419 20 38
420 26 22
421 45 27
422 53 20
423 54 21
424 10 66
425 100 90
426 76 42
427 58 80
428 13 90
429 74 49
430 56 33
431 13 41
432 25 100
433 40 17
434 8 91
435 65 7
436 74 11
437 43 75
438 48 53
439 4 0
440 78 25
441 99 76
442 12 57
443 33 50
444 76 37
445 41 56
446 66 28
447 19 87
448 32 86
449 79 9
450 87 86
451 90 16
452 22 36
453 14 63
454 26 6
455 79 18
456 56 97
457 10 33
458 41 42
459 6 16
460 54 92
461 46 20
462 89 12
463 15 91
464 65 45
465 49 78
466 83 13
467 1 18
468 99 99
469 94 16
470 72 89
471 66 29
472 60 11
473 2 31
474 39 43
475 85 19
476 37 14
477 59 36
478 20 98
479 84 16
480 74 53
481 42 95
482 30 12
483 17 99
484 54 63
485 36 49
486 90 88
487 56 51
488 24 11
489 4 26
490 40 94
491 10 87
492 62 17
493 32 38
494 100 92
495 82 80
496 64 82
497 74 70
498 5 28
499 74 44
500 67 65
501 87 98
502 84 31
503 18 98
504 61 68
505 80 81
506 23 20
507 53 12
508 79 85
509 14 76
510 92 15
511 29 45
512 65 34
513 23 94
514 66 37
515 43 34
516 5 59
517 16 94
518 40 18
519 4 74
520 64 39
521 49 86
522 20 11
523 60 4
524 17 19
525 75 83
526 69 13
527 35 43
528 36 73
529 32 85
530 68 100
531 66 13
532 66 0
533 98 83
534 13 15
535 93 94
536 98 89
537 10 86
538 20 29
539 38 9
540 25 27
541 43 12
542 87 38
543 49 69
544 27 46
545 13 61
546 75 74
547 94 42
548 1 9
549 23 87
550 96 3
551 9 86
552 9 38
553 65 38
554 28 92
555 40 42
556 13 51
557 64 81
558 25 46
559 72 16
560 89 95
561 18 5
562 72 91
563 82 61
564 0 91
565 83 92
566 68 28
567 41 84
568 82 98
569 74 89
570 56 39
571 53 46
572 95 26
573 26 8
574 23 29
575 9 2
576 60 58
577 62 88
578 50 2
579 50 11
580 58 44
581 77 47
582 11 73
583 54 96
584 86 26
585 40 11
586 1 70
587 46 31
588 12 87
589 17 26
590 44 17
591 18 73
592 10 70
593 51 1
594 61 13
595 62 64
596 39 78
597 71 42
598 39 70
599 37 88
600 87 9
601 86 80
602 85 8
603 56 37
604 0 33
605 54 33
606 26 10
607 77 100
608 85 12
609 31 30
610 81 45
611 7 98
612 87 96
613 81 22
614 39 86
615 27 94
616 81 91
617 94 59
618 86 70
619 78 67
620 94 34
621 50 23
622 24 22
623 83 91
624 82 44
625 38 94
626 77 75
627 58 98
628 64 94
629 50 87
630 23 32
631 78 70
632 94 40
633 17 81
634 84 23
635 17 23
636 45 83
637 3 83
638 48 33
639 24 47
640 8 100
641 39 64
642 9 71
643 22 26
644 51 19
645 66 66
646 74 98
647 28 89
648 28 14
649 92 62
650 1 75
651 54 17
652 98 38
653 74 39
654 18 49
655 41 91
656 61 16
657 10 21
658 80 54
659 59 34
660 91 41
661 3 26
662 47 65
663 46 99
664 84 87
665 62 2
666 66 45
667 79 21
668 93 70
669 14 91
670 14 64
671 95 47
672 27 11
673 29 50
674 39 94
675 21 21
676 79 13
677 81 80
678 11 71
679 24 91
680 73 84
681 81 58
682 89 67
683 21 16
684 0 50
685 23 79
686 8 28
687 60 69
688 39 45
689 28 36
690 84 95
691 40 20
692 14 55
693 54 7
694 20 69
695 62 10
696 45 97
697 84 26
698 48 59
699 38 30
700 98 22
701 22 9
702 63 54
703 1 100
704 2 30
705 1 43
706 28 65
707 6 94
708 94 82
709 99 24
710 48 26
711 94 8
712 36 85
713 17 51
714 12 46
715 8 59
716 89 20
717 28 90
718 94 25
719 11 18
720 42 66
721 44 55
722 56 79
723 56 26
724 72 96
725 34 52
726 22 59
727 53 10
728 50 39
729 16 58
730 28 15
731 84 37
732 96 66
733 41 37
734 40 29
735 0 86
736 93 45
737 77 26
738 75 97
739 34 28
740 28 38
741 90 21
742 76 40
743 42 3
744 100 74
745 94 9
746 74 78
747 43 33
748 27 45
749 84 44
750 58 19
751 94 29
752 31 66
753 54 4
754 45 57
755 62 48
756 51 9
757 92 4
758 13 57
759 94 41
760 61 20
761 57 93
762 74 85
763 60 73
764 72 88
765 40 68
766 12 14
767 79 22
768 24 59
769 87 33
770 92 61
771 7 10
772 62 19
773 0 66
774 79 58
775 25 35
776 98 96
777 26 43
778 93 42
779 49 58
780 44 21
781 85 71
782 43 29
783 29 65
784 95 31
785 35 26
786 42 60
787 30 65
788 3 67
789 52 0
790 14 16
791 30 38
792 12 67
793 90 60
794 14 6
795 60 83
796 72 23
797 22 38
798 79 27
799 58 82
800 5 36
801 33 99
802 25 50
803 53 69
804 74 74
805 9 44
806 91 65
807 72 71
808 54 59
809 70 45
810 9 34
811 17 46
812 56 52
813 75 6
814 24 49
815 47 32
816 55 16
817 47 72
818 99 36
819 76 35
820 49 57
821 11 37
822 33 53
823 38 67
824 10 6
825 56 94
826 55 82
827 90 99
828 40 38
829 18 67
830 10 48
831 66 88
832 80 42
833 69 35
834 45 68
835 93 57
836 47 61
837 68 98
838 18 65
839 15 60
840 71 37
841 10 56
842 76 72
843 72 17
844 40 13
845 25 19
846 51 21
847 10 57
848 60 95
849 50 51
850 7 93
851 78 22
852 43 87
853 6 2
854 12 29
855 21 77
856 8 90
857 95 38
858 51 58
859 88 52
860 61 86
861 47 76
862 45 35
863 53 87
864 53 60
865 73 86
866 64 34
867 100 61
868 12 30
869 32 37
870 88 100
871 50 65
872 29 10
873 28 42
874 97 58
875 80 29
876 75 53
877 8 64
878 55 46
879 84 88
880 15 83
881 68 79
882 5 100
883 88 20
884 73 100
885 6 0
886 3 80
887 7 47
888 73 45
889 5 15
890 26 13
891 92 67
892 95 79
893 15 20
894 0 97
895 66 11
896 16 86
897 71 77
898 63 33
899 86 44
900 1 52
901 86 95
902 39 57
903 26 54
904 55 91
905 44 57
906 87 56
907 0 67
908 88 42
909 19 71
910 26 20
911 59 32
912 35 60
913 88 28
914 100 96
915 63 63
916 87 77
917 29 98
918 32 66
919 73 40
920 21 59
921 52 6
922 5 37
923 66 78
924 20 48
925 76 60
926 45 10
927 10 0
928 48 20
929 35 9
930 45 22
931 51 50
932 40 2
933 69 29
934 42 44
935 7 31
936 26 94
937 61 95
938 94 54
939 99 34
940 76 48
941 52 21
942 41 46
943 34 97
944 48 97
945 89 81
946 39 27
947 45 67
948 71 25
949 19 61
950 62 15
951 36 2
952 12 59
953 60 17
954 61 43
955 2 83
956 12 83
957 50 35
958 87 7
959 49 62
960 20 95
961 8 48
962 63 59
963 78 72
964 33 31
965 59 40
966 75 77
967 73 89
968 80 0
969 39 71
970 94 84
971 36 0
972 98 81
973 94 26
974 62 44
975 92 75
976 67 56
977 6 59
978 7 85
979 13 77
980 42 25
981 40 14
982 47 53
983 84 54
984 34 72
985 35 13
986 40 100
987 97 76
988 89 7
989 17 18
990 48 77
991 10 20
992 57 92
993 49 33
994 1 45
995 48 57
996 4 41
997 18 84
998 92 10
