# N=999  D=45  Area=100
# id x y
0 50 50
1 14 85
2 28 67
3 66 85
4 73 56
5 21 44
6 25 63
7 53 45
8 96 25
9 33 98
10 87 0
11 91 87
12 44 23
13 12 99
14 38 34
15 1 100
16 17 17
17 25 27
18 12 8
19 85 78
20 6 70
21 25 88
22 42 28
23 32 86
24 23 48
25 80 41
26 47 34
27 42 6
28 15 57
29 75 34
30 79 13
31 47 53
32 31 16
33 10 37
34 81 88
35 89 49
36 78 34
37 41 20
38 83 51
39 40 40
40 49 15
41 76 75
42 99 72
43 68 36
44 51 43
45 38 83
46 78 64
47 82 52
48 81 72
49 76 13
50 10 4
51 64 83
52 81 36
53 69 12
54 26 89
55 75 95
56 28 89
57 47 23
58 63 28
59 9 80
60 83 81
61 31 48
62 3 64
63 96 52
64 48 90
65 18 68
66 55 69
67 90 2
68 35 52
69 35 54
70 86 96
71 65 59
72 82 25
73 6 92
74 33 47
75 89 2
76 29 74
77 53 61
78 97 83
79 26 40
80 76 15
81 74 35
82 13 85
83 58 44
84 64 79
85 11 56
86 93 67
87 3 89
88 20 96
89 29 29
90 30 32
91 42 82
92 53 91
93 89 27
94 87 52
95 17 98
96 48 99
97 18 62
98 27 0
99 68 49
100 59 39
101 53 1
102 52 1
103 19 89
104 42 64
105 23 30
106 16 55
107 24 37
108 68 74
109 75 73
110 55 79
111 84 24
112 36 48
113 57 97
114 92 5
115 17 84
116 34 52
117 34 33
118 97 31
119 38 65
120 67 46
121 55 60
122 46 83
123 28 86
124 18 94
125 46 67
126 63 52
127 15 25
128 69 48
129 22 27
130 71 27
131 84 64
132 39 100
133 63 17
134 26 56
135 24 73
136 32 68
137 41 55
138 42 52
139 9 18
140 52 82
141 22 0
142 59 25
143 35 4
144 58 16
145 60 45
146 63 13
147 59 65
148 28 100
149 55 68
150 99 87
151 29 56
152 29 28
153 55 91
154 17 11
155 1 90
156 66 82
157 15 27
158 10 29
159 62 48
160 29 20
161 89 30
162 26 93
163 22 96
164 39 19
165 49 92
166 30 46
167 15 30
168 78 26
169 81 71
170 61 98
171 28 61
172 15 55
173 77 45
174 24 81
175 30 72
176 11 36
177 84 0
178 50 99
179 0 22
180 99 24
181 5 91
182 41 19
183 38 1
184 32 45
185 81 51
186 53 76
187 54 13
188 53 95
189 64 35
190 89 23
191 96 7
192 64 85
193 93 9
194 60 56
195 56 80
196 57 60
197 83 34
198 28 2
199 99 52
200 42 81
201 62 28
202 15 10
203 96 90
204 64 75
205 46 96
206 19 77
207 43 28
208 16 50
209 39 97
210 34 53
211 64 38
212 98 67
213 60 2
214 89 76
215 96 31
216 70 38
217 88 56
218 55 53
219 77 51
220 48 2
221 66 37
222 33 8
223 47 15
224 0 38
225 87 38
226 69 75
227 11 52
228 61 57
229 81 16
230 35 95
231 38 16
232 59 20
233 4 97
234 50 38
235 29 60
236 4 42
237 75 38
238 95 73
239 56 12
240 9 3
241 88 75
242 58 4
243 64 43
244 79 60
245 83 80
246 97 5
247 56 63
248 67 62
249 77 42
250 13 30
251 49 42
252 69 81
253 22 51
254 78 28
255 28 38
256 31 81
257 48 77
258 88 12
259 89 81
260 100 37
261 9 85
262 19 87
263 51 94
264 49 53
265 82 81
266 7 28
267 32 69
268 64 40
269 73 82
270 67 72
271 74 59
272 25 71
273 37 7
274 49 13
275 55 37
276 63 96
277 16 63
278 0 76
279 16 33
280 83 60
281 49 39
282 70 66
283 42 92
284 3 69
285 99 13
286 75 90
287 29 90
288 43 1
289 63 32
290 15 43
291 24 4
292 70 5
293 39 21
294 61 89
295 12 1
296 98 95
297 44 35
298 57 82
299 4 54
300 2 70
301 48 4
302 20 6
303 73 60
304 46 35
305 34 69
306 43 18
307 93 29
308 35 11
309 84 71
310 17 77
311 26 8
312 97 97
313 70 35
314 15 20
315 54 74
316 91 8
317 38 37
318 30 91
319 2 26
320 26 65
321 15 16
322 43 3
323 42 13
324 81 47
325 96 84
326 99 38
327 91 64
328 53 55
329 31 0
330 60 15
331 41 85
332 60 64
333 0 29
334 92 32
335 46 98
336 71 87
337 7 86
338 70 80
339 98 58
340 50 49
341 60 26
342 13 42
343 97 57
344 29 88
345 60 69
346 75 42
347 50 72
348 92 73
349 90 66
350 13 61
351 43 33
352 38 42
353 21 63
354 26 27
355 92 67
356 98 9
357 40 63
358 42 38
359 83 96
360 47 37
361 2 27
362 82 22
363 34 28
364 33 71
365 85 69
366 2 28
367 13 59
368 56 47
369 96 47
370 70 21
371 36 40
372 9 76
373 99 47
374 36 85
375 1 68
376 34 83
377 1 36
378 67 51
379 65 2
380 23 71
381 96 51
382 63 54
383 6 21
384 95 17
385 79 68
386 94 22
387 56 66
388 3 48
389 3 13
390 5 90
391 20 20
392 1 94
393 5 61
394 19 3
395 61 32
396 38 72
397 72 28
398 77 65
399 19 60
400 70 61
401 33 46
402 52 43
403 24 2
404 84 98
405 61 64
406 82 71
407 42 17
408 61 6
409 64 84
410 98 27
411 24 63
412 72 23
413 95 35
414 34 26
415 2 32
416 46 90
417 82 77
418 26 71
419 14 98
420 11 55
421 24 98
422 91 2
423 77 83
424 77 77
425 46 28
426 93 45
427 86 77
428 66 39
429 92 28
430 75 0
431 87 63
432 34 50
433 82 85
434 18 82
435 16 52
436 19 62
437 22 98
438 10 32
439 46 30
440 19 37
441 82 27
442 55 10
443 21 95
444 70 91
445 57 79
446 5 42
447 83 44
448 37 91
449 98 8
450 48 19
451 79 31
452 96 9
453 20 84
454 15 44
455 24 1
456 61 55
457 76 71
458 67 3
459 86 24
460 85 1
461 63 77
462 12 57
463 63 41
464 99 40
465 5 66
466 58 32
467 24 40
468 36 53
469 93 22
470 98 1
471 26 68
472 44 8
473 8 0
474 66 63
475 35 78
476 97 58
477 5 77
478 63 25
479 21 42
480 55 75
481 73 93
482 84 79
483 29 6
484 94 77
485 13 9
486 84 22
487 45 55
488 74 26
489 93 94
490 99 83
491 20 1
492 79 94
493 41 1
494 33 70
495 86 65
496 87 84
497 46 79
498 42 74
499 33 39
500 35 87
501 87 31
502 52 18
503 33 63
504 26 83
505 72 5
506 75 1
507 75 78
508 36 56
509 26 82
510 86 35
511 44 30
512 34 46
513 81 60
514 70 77
515 49 33
516 44 72
517 2 35
518 48 85
519 23 73
520 36 3
521 54 7
522 62 34
523 19 43
524 58 95
525 85 12
526 17 85
527 14 67
528 5 85
529 0 31
530 91 89
531 97 67
532 92 49
533 24 36
534 97 75
535 87 18
536 98 22
537 63 10
538 70 67
539 82 20
540 37 9
541 1 17
542 17 14
543 34 82
544 42 19
545 40 54
546 81 35
547 96 57
548 80 63
549 53 16
550 92 71
551 91 65
552 76 32
553 95 77
554 89 65
555 67 13
556 76 8
557 36 98
558 29 46
559 31 91
560 92 40
561 22 34
562 7 58
563 6 17
564 97 93
565 3 17
566 88 31
567 65 19
568 17 63
569 28 18
570 89 88
571 85 93
572 86 29
573 48 40
574 50 92
575 81 19
576 29 77
577 93 65
578 57 55
579 57 80
580 57 91
581 46 63
582 90 8
583 89 61
584 75 39
585 64 82
586 57 33
587 93 14
588 40 28
589 17 66
590 35 58
591 0 39
592 62 78
593 26 77
594 74 41
595 68 44
596 77 3
597 10 47
598 27 91
599 46 10
600 40 2
601 9 95
602 96 23
603 10 11
604 17 41
605 5 44
606 44 3
607 49 9
608 20 93
609 59 99
610 79 40
611 49 77
612 29 49
613 78 41
614 49 40
615 2 60
616 51 59
617 0 68
618 42 42
619 15 41
620 22 57
621 90 35
622 59 68
623 62 42
624 30 55
625 58 94
626 18 81
627 60 78
628 61 45
629 13 36
630 38 28
631 57 43
632 59 55
633 55 97
634 29 23
635 40 92
636 21 33
637 77 68
638 72 76
639 23 36
640 81 29
641 35 42
642 71 23
643 45 48
644 68 33
645 88 48
646 3 58
647 7 5
648 68 27
649 28 88
650 35 38
651 82 37
652 70 59
653 69 25
654 41 74
655 98 63
656 0 81
657 4 77
658 90 47
659 95 33
660 25 67
661 38 31
662 8 23
663 13 23
664 22 31
665 25 17
666 15 0
667 54 36
668 35 8
669 34 27
670 72 46
671 15 17
672 98 17
673 11 75
674 39 49
675 82 59
676 40 36
677 67 37
678 76 83
679 43 20
680 47 89
681 65 3
682 78 35
683 4 3
684 22 94
685 17 37
686 9 17
687 64 50
688 43 78
689 100 3
690 41 96
691 50 17
692 54 63
693 71 16
694 95 28
695 66 99
696 60 32
697 74 55
698 65 77
699 49 24
700 85 62
701 92 38
702 6 80
703 69 26
704 73 46
705 81 17
706 38 93
707 18 18
708 21 14
709 92 68
710 48 6
711 37 96
712 56 90
713 69 40
714 59 87
715 14 1
716 42 67
717 19 92
718 51 1
719 34 8
720 37 26
721 42 95
722 7 96
723 97 77
724 60 51
725 33 100
726 98 0
727 33 74
728 80 40
729 96 42
730 62 5
731 90 23
732 54 67
733 87 88
734 56 49
735 78 17
736 79 15
737 15 21
738 23 99
739 30 6
740 37 93
741 10 23
742 84 68
743 1 71
744 33 85
745 18 91
746 53 73
747 28 85
748 23 32
749 65 7
750 88 86
751 40 34
752 28 35
753 56 43
754 52 20
755 16 10
756 70 69
757 75 12
758 27 87
759 11 60
760 69 37
761 40 74
762 75 13
763 58 66
764 1 69
765 52 72
766 7 6
767 26 1
768 62 11
769 44 96
770 52 21
771 51 52
772 33 96
773 80 68
774 41 63
775 92 100
776 9 30
777 51 54
778 44 32
779 39 24
780 3 65
781 33 0
782 50 45
783 29 47
784 67 27
785 94 57
786 9 74
787 82 11
788 33 3
789 70 16
790 41 59
791 100 1
792 74 100
793 72 8
794 37 98
795 2 17
796 81 39
797 29 81
798 1 52
799 62 73
800 7 75
801 60 28
802 1 11
803 13 47
804 42 18
805 55 55
806 82 54
807 8 48
808 68 100
809 6 67
810 53 26
811 72 96
812 5 18
813 97 80
814 35 46
815 1 60
816 12 32
817 96 81
818 34 22
819 9 2
820 72 58
821 2 94
822 88 83
823 24 80
824 75 30
825 66 98
826 40 55
827 21 25
828 81 74
829 77 16
830 53 22
831 41 46
832 10 56
833 35 28
834 11 59
835 83 29
836 53 83
837 71 5
838 50 59
839 68 99
840 45 47
841 97 14
842 38 55
843 55 44
844 88 92
845 99 21
846 33 18
847 9 31
848 71 39
849 98 94
850 49 30
851 30 73
852 34 55
853 26 54
854 82 9
855 85 81
856 43 2
857 92 83
858 21 45
859 10 45
860 39 25
861 60 52
862 25 100
863 33 10
864 23 75
865 83 62
866 2 16
867 45 23
868 46 31
869 70 13
870 35 37
871 10 87
872 2 74
873 84 87
874 93 55
875 11 7
876 69 15
877 31 65
878 78 5
879 80 33
880 81 100
881 93 28
882 20 56
883 36 42
884 49 37
885 61 25
886 94 42
887 74 87
888 91 10
889 7 67
890 77 0
891 40 22
892 75 44
893 73 35
894 36 93
895 9 25
896 9 28
897 51 57
898 95 1
899 61 29
900 42 23
901 66 31
902 3 100
903 32 98
904 29 41
905 63 53
906 86 74
907 33 65
908 12 39
909 36 25
910 100 79
911 77 64
912 67 25
913 28 63
914 41 14
915 94 96
916 81 48
917 36 16
918 47 67
919 74 7
920 57 54
921 27 64
922 71 83
923 0 55
924 66 0
925 8 84
926 36 88
927 61 30
928 78 51
929 25 72
930 84 14
931 92 56
932 53 72
933 96 13
934 66 97
935 1 92
936 89 13
937 46 40
938 10 82
939 1 76
940 19 54
941 62 68
942 78 11
943 100 39
944 33 68
945 82 44
946 31 25
947 37 13
948 97 23
949 13 31
950 55 48
951 99 27
952 51 33
953 97 26
954 52 63
955 19 32
956 42 21
957 11 22
958 65 45
959 32 91
960 64 70
961 2 24
962 33 29
963 12 30
964 28 11
965 23 20
966 83 2
967 96 99
968 18 35
969 28 40
970 91 33
971 94 27
972 56 56
973 75 27
974 81 96
975 48 21
976 16 19
977 38 0
978 3 86
979 58 43
980 91 41
981 45 8
982 94 0
983 80 53
984 3 9
985 14 89
986 43 86
987 65 25
988 84 72
989 78 55
990 86 73
991 100 27
992 27 1
993 80 84
994 69 58
995 87 12
996 25 77
997 49 82
998 77 67
