# N=999  D=45  Area=100
# id x y
0 50 50
1 77 7
2 72 90
3 27 82
4 50 75
5 71 96
6 88 98
7 5 11
8 81 41
9 38 97
10 99 94
11 84 37
12 96 36
13 13 66
14 15 46
15 55 79
16 11 94
17 81 13
18 64 40
19 40 67
20 67 61
21 61 94
22 73 1
23 95 18
24 41 79
25 18 9
26 25 23
27 6 45
28 40 35
29 31 46
30 39 51
31 6 46
32 86 89
33 98 56
34 44 24
35 100 52
36 43 80
37 1 95
38 42 27
39 95 72
40 18 53
41 59 4
42 97 35
43 77 38
44 40 40
45 52 68
46 73 55
47 58 90
48 79 38
49 70 2
50 21 64
51 9 45
52 77 70
53 93 61
54 37 13
55 23 29
56 80 58
57 84 17
58 38 52
59 15 88
60 19 61
61 16 97
62 3 0
63 47 13
64 49 50
65 42 18
66 38 59
67 91 95
68 80 85
69 1 59
70 91 6
71 70 63
72 44 25
73 20 22
74 22 69
75 89 33
76 80 48
77 39 83
78 64 33
79 34 87
80 85 53
81 98 7
82 100 13
83 59 74
84 69 48
85 81 96
86 100 69
87 6 23
88 76 88
89 44 9
90 77 14
91 84 97
92 10 52
93 52 32
94 37 97
95 90 14
96 55 63
97 62 89
98 63 96
99 18 71
100 71 55
101 60 99
102 67 26
103 21 4
104 30 92
105 79 8
106 80 7
107 10 70
108 11 9
109 62 75
110 82 5
111 85 66
112 46 68
113 72 42
114 38 95
115 57 41
116 46 99
117 38 90
118 41 95
119 4 96
120 38 77
121 6 78
122 97 17
123 30 80
124 47 52
125 54 68
126 3 62
127 36 6
128 97 61
129 100 15
130 22 90
131 21 2
132 19 78
133 73 44
134 85 91
135 48 12
136 48 1
137 83 58
138 33 15
139 62 78
140 99 19
141 80 80
142 2 48
143 46 49
144 2 67
145 71 38
146 90 46
147 10 27
148 60 72
149 67 47
150 92 83
151 46 86
152 55 57
153 31 13
154 98 40
155 70 68
156 38 70
157 49 75
158 44 27
159 95 37
160 85 81
161 10 75
162 89 29
163 67 12
164 73 85
165 65 99
166 27 83
167 32 65
168 34 99
169 16 94
170 15 34
171 98 89
172 41 61
173 83 36
174 93 51
175 1 68
176 91 71
177 37 3
178 29 85
179 11 66
180 62 1
181 47 74
182 63 59
183 18 20
184 71 70
185 93 3
186 22 0
187 94 2
188 49 93
189 72 72
190 26 14
191 75 77
192 9 15
193 28 75
194 28 17
195 81 30
196 96 50
197 67 13
198 99 67
199 46 75
200 55 46
201 61 22
202 10 15
203 16 52
204 69 21
205 51 57
206 37 41
207 55 62
208 33 96
209 36 60
210 52 4
211 44 36
212 70 75
213 53 29
214 26 38
215 3 86
216 22 51
217 46 95
218 81 34
219 20 9
220 22 23
221 75 99
222 53 70
223 87 15
224 43 49
225 21 65
226 63 66
227 37 89
228 3 80
229 53 2
230 59 84
231 85 69
232 57 2
233 88 8
234 97 9
235 4 53
236 5 12
237 6 88
238 76 27
239 46 16
240 97 53
241 91 84
242 95 12
243 20 24
244 5 51
245 13 67
246 69 80
247 40 82
248 94 54
249 24 25
250 28 85
251 21 82
252 94 80
253 62 24
254 84 1
255 92 34
256 57 36
257 31 15
258 59 79
259 81 2
260 31 74
261 77 72
262 91 24
263 63 68
264 48 27
265 18 28
266 7 69
267 72 21
268 79 11
269 55 66
270 3 98
271 12 1
272 29 1
273 37 26
274 17 36
275 21 78
276 57 74
277 23 92
278 82 69
279 21 43
280 93 13
281 6 33
282 69 34
283 79 65
284 56 52
285 12 4
286 74 86
287 1 81
288 77 76
289 68 67
290 26 96
291 75 82
292 79 42
293 98 63
294 55 35
295 3 22
296 37 44
297 5 3
298 53 41
299 65 76
300 89 45
301 77 12
302 24 8
303 47 2
304 48 24
305 30 54
306 67 60
307 0 45
308 37 43
309 77 46
310 15 17
311 90 23
312 59 69
313 81 27
314 18 63
315 7 73
316 22 40
317 85 89
318 38 44
319 55 73
320 81 69
321 96 15
322 12 49
323 99 3
324 49 88
325 42 94
326 87 31
327 94 58
328 44 78
329 50 65
330 50 11
331 29 24
332 39 94
333 60 98
334 11 88
335 33 78
336 24 79
337 7 57
338 21 98
339 25 78
340 76 94
341 100 17
342 54 11
343 99 97
344 58 74
345 6 80
346 20 52
347 12 81
348 52 25
349 88 97
350 32 52
351 74 32
352 88 68
353 18 7
354 25 29
355 17 11
356 89 71
357 80 37
358 16 17
359 26 95
360 57 100
361 4 57
362 92 4
363 50 77
364 100 33
365 11 43
366 47 44
367 62 51
368 1 97
369 40 69
370 83 29
371 26 32
372 95 99
373 32 46
374 52 28
375 5 53
376 85 65
377 74 76
378 6 10
379 8 98
380 63 89
381 89 41
382 47 66
383 95 51
384 65 100
385 91 23
386 92 64
387 12 55
388 72 10
389 15 25
390 34 3
391 55 100
392 7 35
393 20 94
394 61 95
395 88 85
396 6 70
397 36 37
398 4 75
399 65 5
400 2 6
401 89 6
402 76 90
403 67 24
404 96 17
405 71 34
406 11 89
407 10 29
408 83 5
409 32 4
410 59 8
411 79 47
412 9 7
413 1 48
414 89 80
415 53 64
416 31 36
417 96 61
418 32 83
419 37 68
420 14 58
421 84 76
422 51 3
423 32 32
424 51 87
425 53 86
426 92 12
427 18 51
428 47 42
429 34 81
430 31 100
431 27 6
432 49 72
433 14 47
434 12 60
435 20 60
436 24 56
437 67 80
438 86 69
439 39 56
440 49 59
441 60 26
442 32 36
443 54 26
444 1 31
445 48 15
446 90 68
447 53 96
448 88 25
449 47 83
450 21 52
451 85 23
452 98 47
453 59 78
454 25 38
455 84 20
456 16 58
457 21 83
458 69 88
459 17 60
460 26 2
461 64 38
462 51 22
463 89 76
464 22 42
465 94 63
466 30 100
467 37 35
468 6 21
469 81 15
470 68 48
471 64 26
472 57 14
473 60 48
474 21 85
475 31 6
476 97 5
477 53 68
478 72 96
479 16 33
480 10 46
481 36 18
482 37 70
483 99 95
484 74 94
485 42 62
486 31 10
487 86 9
488 60 56
489 46 66
490 74 43
491 34 55
492 67 37
493 79 53
494 27 87
495 97 43
496 54 9
497 65 92
498 83 80
499 87 88
500 50 41
501 78 17
502 27 56
503 78 31
504 79 70
505 80 69
506 55 97
507 19 60
508 76 49
509 55 85
510 12 73
511 49 20
512 89 15
513 12 0
514 38 48
515 39 7
516 68 53
517 45 21
518 28 68
519 15 78
520 78 1
521 78 68
522 41 20
523 17 40
524 63 85
525 22 99
526 34 11
527 66 76
528 98 62
529 11 50
530 79 100
531 11 16
532 55 60
533 96 55
534 98 72
535 92 68
536 44 12
537 85 47
538 0 41
539 83 17
540 23 83
541 40 19
542 74 21
543 31 56
544 86 64
545 57 97
546 34 84
547 4 21
548 60 39
549 12 80
550 4 77
551 63 88
552 17 29
553 71 71
554 51 92
555 47 70
556 69 73
557 81 43
558 35 25
559 2 27
560 64 44
561 58 50
562 46 17
563 95 68
564 55 88
565 59 86
566 99 41
567 43 6
568 65 15
569 79 71
570 51 54
571 63 9
572 38 66
573 28 21
574 38 10
575 68 29
576 67 25
577 27 72
578 51 55
579 32 39
580 7 49
581 66 26
582 91 17
583 66 85
584 3 49
585 62 66
586 71 9
587 18 29
588 79 32
589 23 89
590 80 33
591 57 9
592 86 55
593 21 59
594 11 35
595 68 24
596 91 51
597 23 79
598 41 36
599 28 44
600 9 11
601 45 58
602 33 47
603 86 29
604 13 52
605 75 10
606 66 96
607 70 65
608 54 94
609 27 29
610 31 62
611 17 18
612 47 96
613 34 48
614 24 11
615 50 79
616 91 100
617 52 43
618 5 98
619 75 23
620 0 75
621 97 10
622 35 20
623 79 87
624 16 83
625 70 87
626 79 19
627 14 51
628 26 31
629 92 75
630 13 95
631 87 37
632 11 93
633 66 62
634 17 79
635 25 87
636 52 89
637 16 19
638 90 67
639 87 45
640 43 84
641 94 57
642 96 69
643 39 70
644 24 39
645 98 68
646 55 8
647 71 54
648 0 56
649 98 48
650 72 94
651 26 78
652 100 27
653 80 84
654 18 34
655 12 58
656 74 29
657 44 54
658 64 63
659 74 53
660 59 3
661 93 1
662 62 26
663 67 77
664 100 100
665 1 60
666 43 21
667 38 56
668 14 15
669 90 15
670 60 52
671 37 5
672 42 26
673 46 62
674 67 38
675 77 20
676 97 26
677 66 80
678 98 65
679 65 83
680 39 25
681 100 67
682 42 53
683 85 8
684 19 41
685 80 81
686 14 1
687 49 90
688 52 30
689 67 93
690 17 28
691 95 5
692 75 31
693 29 30
694 47 65
695 5 88
696 0 80
697 79 66
698 95 33
699 51 48
700 52 59
701 83 100
702 57 12
703 77 43
704 63 92
705 22 52
706 79 24
707 28 97
708 35 57
709 0 97
710 29 4
711 0 18
712 12 61
713 20 78
714 55 21
715 20 80
716 23 41
717 27 96
718 81 85
719 23 0
720 52 36
721 52 99
722 13 97
723 72 20
724 61 4
725 82 25
726 11 79
727 61 74
728 97 46
729 90 38
730 22 11
731 75 21
732 22 55
733 82 45
734 87 23
735 14 23
736 60 45
737 36 58
738 42 95
739 35 31
740 14 65
741 80 64
742 57 3
743 64 61
744 28 96
745 68 46
746 15 0
747 82 67
748 10 31
749 7 6
750 51 84
751 53 55
752 80 1
753 54 84
754 85 17
755 85 33
756 3 54
757 28 61
758 30 38
759 42 91
760 25 70
761 73 82
762 61 8
763 78 20
764 20 55
765 21 56
766 66 90
767 77 5
768 84 4
769 66 86
770 65 74
771 80 71
772 25 18
773 4 16
774 75 96
775 64 85
776 12 92
777 100 18
778 21 16
779 73 97
780 90 66
781 66 75
782 95 58
783 81 51
784 37 74
785 5 81
786 20 65
787 76 52
788 13 93
789 55 32
790 25 66
791 86 31
792 93 73
793 10 18
794 33 29
795 34 23
796 31 23
797 16 3
798 72 16
799 77 97
800 13 77
801 67 78
802 28 88
803 1 71
804 44 85
805 99 84
806 96 60
807 4 33
808 12 21
809 37 2
810 46 41
811 26 21
812 100 74
813 12 24
814 37 36
815 35 62
816 45 51
817 33 42
818 70 24
819 37 98
820 26 79
821 24 89
822 25 3
823 89 11
824 47 69
825 59 29
826 41 8
827 77 73
828 29 69
829 75 29
830 78 45
831 42 76
832 15 95
833 73 4
834 61 81
835 84 52
836 4 70
837 74 36
838 13 57
839 40 56
840 45 59
841 91 78
842 0 11
843 89 64
844 85 92
845 68 5
846 18 12
847 83 68
848 63 36
849 47 19
850 79 3
851 61 28
852 45 61
853 72 14
854 39 24
855 59 88
856 60 24
857 14 100
858 13 17
859 6 95
860 68 55
861 14 86
862 25 14
863 22 71
864 52 23
865 26 54
866 14 83
867 4 71
868 66 51
869 83 23
870 5 39
871 76 1
872 2 50
873 32 70
874 94 43
875 75 98
876 6 14
877 4 86
878 73 52
879 94 68
880 38 31
881 68 18
882 62 72
883 16 63
884 37 67
885 21 35
886 25 45
887 59 20
888 84 84
889 93 24
890 14 32
891 21 3
892 8 93
893 31 80
894 39 28
895 89 63
896 78 44
897 56 25
898 88 88
899 36 52
900 35 6
901 72 88
902 37 76
903 53 83
904 76 9
905 41 12
906 39 81
907 92 93
908 35 16
909 73 23
910 76 85
911 47 56
912 36 77
913 51 70
914 35 43
915 74 52
916 72 30
917 3 65
918 57 19
919 2 93
920 21 19
921 43 53
922 73 90
923 51 29
924 73 91
925 26 58
926 2 26
927 5 56
928 57 91
929 54 52
930 93 11
931 28 57
932 36 47
933 79 92
934 41 96
935 26 91
936 91 76
937 45 43
938 26 97
939 72 2
940 47 58
941 97 51
942 8 94
943 0 83
944 83 89
945 92 17
946 94 56
947 61 65
948 100 0
949 6 55
950 5 28
951 16 23
952 16 43
953 3 28
954 91 99
955 9 61
956 79 75
957 59 15
958 19 80
959 88 18
960 7 41
961 36 96
962 43 83
963 35 42
964 0 0
965 61 100
966 12 48
967 52 33
968 3 41
969 45 90
970 49 24
971 16 99
972 14 35
973 21 91
974 28 39
975 68 2
976 88 75
977 64 47
978 92 14
979 66 83
980 95 61
981 53 26
982 36 23
983 92 98
984 76 6
985 6 85
986 95 82
987 22 46
988 32 33
989 56 54
990 31 68
991 71 30
992 39 34
993 56 39
994 67 96
995 57 5
996 31 30
997 7 97
998 11 0
