# N=999  D=45  Area=100
# id x y
0 50 50
1 48 86
2 87 79
3 50 7
4 9 40
5 32 25
6 54 46
7 85 58
8 99 90
9 98 48
10 26 50
11 66 90
12 8 26
13 72 79
14 94 17
15 55 92
16 57 27
17 91 14
18 100 87
19 50 34
20 32 5
21 4 14
22 76 53
23 1 5
24 34 15
25 98 63
26 56 84
27 2 42
28 57 4
29 54 52
30 47 27
31 97 61
32 78 14
33 71 44
34 82 21
35 15 14
36 13 83
37 100 29
38 43 9
39 80 48
40 93 17
41 45 45
42 61 31
43 22 86
44 2 11
45 61 43
46 52 71
47 47 64
48 64 21
49 84 78
50 97 79
51 43 26
52 13 77
53 80 80
54 79 34
55 69 94
56 57 60
57 70 99
58 44 62
59 30 53
60 49 9
61 29 71
62 89 76
63 70 45
64 86 70
65 25 34
66 6 100
67 21 49
68 73 52
69 25 64
70 86 95
71 7 46
72 83 38
73 26 36
74 5 84
75 10 19
76 12 11
77 35 57
78 56 43
79 54 98
80 6 20
81 84 20
82 57 52
83 10 74
84 17 5
85 30 36
86 3 80
87 34 84
88 21 86
89 92 23
90 7 6
91 54 67
92 58 83
93 1 1
94 66 42
95 58 25
96 45 65
97 50 14
98 19 27
99 92 64
100 69 73
101 83 52
102 95 77
103 6 40
104 72 12
105 94 62
106 61 79
107 30 46
108 89 11
109 18 50
110 57 74
111 30 68
112 9 45
113 98 40
114 74 55
115 71 1
116 37 52
117 36 39
118 86 87
119 44 2
120 64 60
121 67 17
122 12 50
123 62 57
124 17 10
125 72 32
126 54 10
127 71 78
128 61 73
129 9 94
130 29 81
131 0 1
132 21 75
133 68 46
134 93 52
135 78 26
136 24 87
137 24 51
138 41 98
139 97 49
140 26 58
141 1 75
142 24 90
143 58 38
144 71 48
145 89 80
146 98 73
147 76 20
148 95 64
149 4 27
150 4 25
151 30 22
152 80 83
153 60 83
154 72 21
155 69 89
156 83 19
157 67 83
158 58 94
159 0 46
160 12 70
161 2 85
162 91 76
163 96 17
164 24 8
165 5 77
166 61 23
167 49 58
168 40 5
169 20 22
170 42 64
171 97 74
172 3 77
173 72 33
174 71 29
175 40 40
176 63 7
177 54 72
178 33 62
179 62 9
180 17 15
181 24 50
182 38 49
183 19 3
184 70 64
185 54 56
186 34 16
187 18 98
188 76 23
189 86 27
190 99 54
191 16 32
192 47 11
193 52 17
194 16 100
195 1 98
196 51 2
197 49 65
198 45 7
199 33 27
200 57 20
201 61 77
202 13 28
203 13 25
204 89 24
205 40 72
206 31 60
207 52 76
208 84 35
209 92 87
210 47 26
211 29 59
212 23 64
213 57 41
214 99 86
215 32 71
216 75 3
217 17 84
218 63 86
219 50 64
220 53 12
221 17 27
222 93 56
223 90 16
224 44 71
225 34 88
226 27 98
227 46 62
228 58 49
229 16 11
230 5 23
231 53 57
232 49 93
233 90 93
234 67 85
235 19 36
236 30 6
237 11 7
238 63 50
239 2 57
240 42 29
241 69 62
242 87 15
243 1 63
244 34 14
245 4 46
246 65 17
247 62 47
248 4 66
249 5 36
250 3 98
251 96 86
252 45 28
253 36 58
254 10 47
255 70 16
256 89 97
257 55 22
258 12 93
259 56 57
260 34 59
261 57 9
262 23 69
263 3 20
264 22 41
265 22 67
266 31 81
267 27 32
268 75 96
269 62 98
270 73 13
271 16 27
272 81 65
273 15 12
274 17 99
275 52 55
276 39 78
277 75 56
278 59 91
279 82 13
280 46 69
281 9 92
282 67 10
283 6 43
284 72 89
285 100 54
286 33 89
287 23 17
288 4 31
289 2 93
290 78 32
291 66 55
292 96 92
293 36 94
294 95 66
295 69 33
296 61 47
297 29 2
298 83 55
299 16 66
300 51 16
301 30 95
302 70 3
303 15 84
304 36 70
305 56 8
306 96 75
307 69 65
308 66 52
309 77 70
310 90 74
311 20 62
312 33 78
313 40 85
314 83 8
315 44 11
316 9 17
317 31 55
318 91 87
319 64 29
320 45 94
321 80 79
322 19 17
323 57 56
324 20 80
325 95 55
326 30 30
327 99 42
328 33 71
329 1 100
330 30 33
331 37 97
332 39 71
333 25 80
334 22 83
335 64 23
336 10 72
337 91 22
338 11 28
339 40 24
340 53 93
341 60 18
342 98 56
343 89 49
344 60 82
345 43 57
346 69 98
347 71 63
348 70 92
349 13 1
350 36 45
351 9 81
352 97 57
353 35 37
354 16 15
355 54 19
356 32 6
357 53 72
358 32 50
359 84 82
360 41 5
361 22 48
362 85 49
363 67 92
364 64 80
365 33 7
366 66 56
367 88 55
368 46 76
369 40 4
370 26 77
371 11 31
372 20 42
373 37 47
374 59 71
375 27 67
376 38 98
377 39 33
378 15 2
379 60 84
380 37 91
381 28 78
382 15 51
383 90 2
384 78 71
385 90 10
386 71 46
387 49 40
388 63 64
389 0 29
390 23 32
391 51 0
392 64 69
393 10 17
394 93 42
395 59 64
396 41 97
397 68 8
398 48 39
399 32 62
400 100 63
401 38 88
402 84 51
403 16 80
404 27 61
405 30 17
406 95 16
407 12 7
408 74 14
409 26 90
410 64 83
411 88 47
412 95 51
413 1 54
414 90 34
415 33 61
416 33 93
417 61 40
418 6 53
419 50 71
420 7 80
421 29 73
422 60 33
423 69 55
424 11 83
425 42 95
426 48 80
427 98 10
428 85 4
429 76 93
430 41 35
431 80 4
432 21 81
433 47 73
434 85 48
435 77 26
436 6 85
437 39 52
438 72 3
439 8 29
440 36 83
441 48 60
442 6 16
443 99 3
444 48 41
445 66 25
446 89 65
447 89 86
448 86 38
449 78 53
450 8 38
451 8 17
452 20 1
453 7 2
454 0 8
455 26 72
456 1 14
457 80 13
458 1 24
459 18 46
460 51 63
461 31 64
462 90 51
463 30 8
464 42 55
465 31 33
466 81 57
467 2 48
468 65 34
469 50 10
470 21 1
471 17 64
472 16 86
473 50 9
474 17 40
475 34 91
476 66 39
477 15 85
478 85 53
479 93 31
480 86 97
481 16 90
482 99 64
483 24 48
484 66 67
485 64 40
486 41 86
487 97 41
488 84 31
489 69 2
490 28 32
491 21 26
492 42 27
493 25 90
494 1 57
495 88 54
496 47 8
497 68 70
498 42 46
499 94 60
500 33 45
501 75 95
502 66 88
503 99 13
504 23 35
505 97 45
506 56 71
507 34 61
508 18 18
509 15 9
510 20 58
511 57 28
512 39 67
513 16 56
514 25 83
515 92 12
516 65 94
517 84 30
518 46 4
519 30 99
520 54 99
521 56 98
522 95 85
523 74 1
524 41 84
525 33 39
526 71 74
527 10 6
528 82 74
529 43 24
530 41 88
531 20 77
532 47 70
533 100 66
534 89 1
535 61 20
536 28 73
537 12 41
538 89 68
539 81 31
540 29 50
541 33 9
542 51 78
543 20 24
544 53 32
545 6 80
546 63 21
547 33 68
548 97 60
549 3 92
550 47 95
551 93 89
552 43 70
553 28 42
554 34 82
555 70 20
556 76 30
557 45 83
558 41 85
559 0 84
560 41 69
561 57 47
562 90 78
563 91 93
564 9 38
565 52 21
566 8 46
567 71 31
568 98 19
569 0 53
570 76 36
571 39 42
572 52 79
573 78 73
574 55 18
575 69 50
576 8 48
577 85 38
578 28 16
579 26 85
580 94 46
581 75 93
582 97 51
583 7 72
584 70 69
585 74 98
586 17 8
587 80 47
588 99 84
589 67 91
590 7 4
591 90 39
592 32 82
593 28 60
594 3 86
595 79 14
596 66 29
597 86 68
598 64 2
599 81 75
600 62 52
601 57 83
602 88 83
603 39 32
604 93 78
605 87 64
606 20 46
607 7 54
608 33 66
609 87 74
610 45 53
611 89 63
612 60 64
613 52 59
614 18 43
615 96 61
616 89 89
617 83 45
618 100 79
619 75 87
620 61 62
621 44 64
622 86 10
623 47 0
624 25 41
625 65 52
626 91 0
627 94 32
628 39 70
629 100 81
630 52 70
631 90 53
632 0 82
633 72 24
634 58 42
635 75 55
636 56 24
637 81 3
638 47 80
639 53 65
640 53 21
641 86 89
642 64 61
643 29 47
644 59 88
645 72 74
646 70 26
647 56 46
648 21 15
649 52 38
650 86 11
651 89 69
652 85 18
653 9 74
654 25 85
655 56 99
656 29 94
657 70 38
658 45 3
659 100 43
660 58 57
661 19 42
662 11 17
663 27 7
664 63 22
665 29 3
666 48 15
667 51 36
668 33 95
669 13 89
670 65 58
671 28 0
672 25 96
673 48 42
674 51 100
675 38 86
676 0 15
677 68 97
678 95 79
679 21 62
680 54 9
681 0 40
682 17 60
683 5 21
684 69 85
685 35 6
686 23 50
687 83 34
688 69 18
689 44 36
690 92 88
691 35 2
692 34 40
693 57 22
694 32 77
695 4 32
696 71 23
697 27 45
698 62 75
699 19 94
700 7 56
701 64 43
702 26 81
703 71 47
704 12 69
705 38 22
706 86 94
707 73 69
708 48 31
709 34 10
710 59 53
711 47 92
712 33 100
713 93 62
714 45 47
715 69 39
716 15 32
717 6 4
718 97 15
719 78 9
720 40 86
721 35 44
722 85 40
723 59 7
724 45 92
725 49 85
726 90 43
727 97 10
728 58 87
729 17 76
730 17 30
731 29 80
732 80 66
733 30 63
734 30 47
735 99 93
736 19 45
737 67 2
738 26 34
739 86 74
740 4 61
741 58 14
742 26 96
743 87 88
744 69 91
745 22 53
746 78 96
747 8 55
748 85 26
749 29 52
750 47 84
751 5 53
752 11 30
753 38 89
754 74 49
755 38 48
756 1 22
757 30 87
758 97 86
759 88 95
760 8 86
761 17 28
762 46 82
763 44 21
764 89 6
765 9 25
766 87 39
767 33 40
768 68 91
769 16 42
770 82 49
771 41 89
772 29 95
773 70 62
774 55 37
775 63 39
776 22 5
777 51 3
778 96 67
779 85 86
780 98 35
781 12 84
782 55 68
783 30 37
784 31 17
785 32 44
786 55 40
787 69 93
788 2 60
789 47 5
790 46 84
791 16 38
792 27 90
793 7 98
794 91 25
795 61 7
796 86 23
797 70 74
798 36 69
799 63 69
800 62 97
801 49 33
802 11 5
803 72 45
804 5 59
805 40 88
806 35 79
807 69 46
808 9 37
809 100 61
810 72 93
811 36 56
812 98 29
813 32 0
814 97 27
815 66 18
816 75 58
817 84 92
818 12 20
819 69 63
820 73 60
821 13 44
822 67 93
823 96 70
824 95 68
825 91 45
826 87 80
827 77 36
828 38 6
829 14 73
830 89 100
831 82 10
832 68 13
833 27 18
834 100 45
835 14 59
836 10 69
837 89 95
838 68 47
839 0 3
840 51 62
841 41 20
842 92 66
843 93 46
844 71 33
845 99 19
846 45 5
847 78 58
848 51 94
849 63 99
850 69 30
851 35 69
852 77 96
853 65 68
854 75 100
855 1 33
856 47 96
857 48 57
858 36 60
859 85 55
860 40 51
861 63 36
862 45 77
863 14 82
864 50 11
865 2 4
866 58 37
867 20 69
868 7 66
869 79 20
870 98 2
871 8 96
872 86 19
873 77 87
874 81 19
875 46 45
876 51 74
877 99 37
878 24 54
879 52 97
880 16 8
881 15 55
882 41 83
883 70 95
884 72 22
885 37 62
886 54 34
887 88 91
888 89 77
889 54 13
890 48 69
891 98 62
892 54 36
893 23 52
894 82 64
895 34 69
896 42 21
897 85 81
898 67 27
899 38 72
900 45 88
901 98 38
902 39 6
903 6 66
904 20 85
905 54 61
906 73 67
907 98 80
908 16 93
909 26 29
910 7 91
911 16 20
912 98 9
913 13 93
914 51 15
915 40 60
916 86 33
917 9 15
918 29 12
919 48 46
920 56 20
921 13 51
922 4 49
923 19 93
924 97 20
925 85 84
926 45 69
927 71 2
928 75 52
929 58 24
930 34 35
931 32 37
932 61 86
933 6 76
934 25 11
935 19 61
936 38 66
937 31 46
938 80 68
939 64 15
940 55 79
941 28 55
942 8 11
943 93 60
944 12 52
945 65 31
946 0 64
947 97 70
948 11 79
949 49 90
950 40 41
951 48 77
952 100 75
953 69 79
954 83 80
955 70 71
956 49 38
957 22 28
958 38 40
959 95 50
960 77 21
961 76 65
962 27 34
963 12 54
964 85 77
965 37 73
966 48 68
967 100 82
968 26 76
969 43 23
970 8 44
971 39 43
972 45 72
973 7 29
974 94 37
975 27 15
976 86 62
977 23 31
978 2 51
979 49 45
980 98 13
981 86 88
982 62 35
983 63 47
984 15 29
985 31 48
986 95 15
987 44 34
988 75 12
989 39 44
990 99 4
991 16 54
992 96 12
993 98 11
994 26 9
995 90 48
996 37 65
997 49 78
998 65 22
