# N=999  D=45  Area=100
# id x y
0 50 50
1 18 65
2 52 71
3 66 24
4 85 52
5 2 100
6 74 6
7 89 94
8 22 39
9 44 26
10 92 21
11 10 50
12 3 26
13 40 89
14 63 99
15 74 100
16 57 51
17 17 29
18 56 56
19 87 27
20 98 55
21 86 51
22 64 49
23 57 35
24 38 10
25 67 17
26 67 70
27 76 62
28 30 87
29 1 95
30 36 33
31 49 47
32 61 92
33 70 100
34 73 10
35 63 21
36 7 96
37 31 17
38 4 40
39 53 26
40 31 74
41 12 39
42 5 38
43 25 77
44 35 33
45 18 36
46 11 84
47 4 80
48 82 88
49 5 54
50 72 94
51 88 1
52 71 51
53 77 35
54 12 21
55 65 29
56 12 2
57 100 100
58 0 2
59 45 99
60 28 42
61 21 95
62 63 35
63 3 23
64 90 79
65 13 89
66 23 38
67 88 68
68 60 23
69 11 70
70 93 7
71 54 76
72 26 30
73 36 87
74 44 33
75 89 90
76 37 39
77 0 55
78 8 3
79 61 98
80 81 6
81 74 41
82 83 43
83 91 5
84 80 69
85 60 86
86 26 65
87 31 62
88 19 62
89 1 77
90 59 89
91 57 21
92 69 45
93 57 34
94 12 10
95 57 4
96 6 29
97 25 19
98 23 23
99 58 4
100 76 54
101 87 68
102 46 24
103 77 64
104 30 83
105 81 68
106 70 44
107 62 34
108 29 36
109 53 82
110 12 68
111 62 79
112 34 92
113 6 86
114 18 75
115 22 44
116 86 80
117 56 38
118 28 8
119 67 23
120 77 61
121 29 64
122 54 70
123 67 79
124 20 55
125 52 7
126 63 17
127 5 13
128 6 21
129 90 71
130 5 12
131 15 88
132 49 23
133 37 0
134 66 44
135 24 92
136 87 96
137 2 40
138 55 65
139 87 13
140 78 96
141 48 77
142 56 74
143 21 55
144 26 62
145 98 68
146 18 71
147 66 57
148 76 23
149 89 24
150 79 9
151 37 61
152 39 48
153 17 83
154 63 64
155 96 95
156 87 28
157 19 23
158 10 13
159 59 67
160 1 26
161 14 42
162 41 0
163 58 21
164 48 57
165 91 68
166 3 95
167 98 7
168 85 86
169 61 100
170 4 30
171 45 8
172 1 21
173 17 97
174 83 28
175 16 91
176 7 15
177 38 85
178 63 30
179 89 14
180 64 89
181 86 48
182 97 26
183 61 1
184 34 81
185 11 95
186 22 87
187 62 63
188 8 47
189 61 4
190 73 47
191 54 3
192 68 58
193 66 30
194 53 90
195 84 44
196 53 71
197 87 29
198 45 86
199 87 79
200 71 63
201 58 70
202 39 21
203 15 13
204 52 18
205 33 72
206 14 14
207 50 13
208 55 84
209 13 94
210 60 50
211 93 92
212 63 97
213 18 48
214 27 33
215 41 85
216 62 77
217 21 47
218 12 100
219 41 47
220 36 4
221 72 49
222 47 1
223 70 58
224 61 43
225 36 95
226 80 59
227 80 5
228 99 33
229 4 47
230 20 54
231 31 68
232 95 57
233 97 80
234 32 68
235 27 78
236 43 76
237 23 1
238 56 17
239 57 87
240 26 12
241 2 95
242 20 46
243 39 98
244 16 40
245 92 91
246 27 40
247 38 98
248 51 61
249 9 22
250 67 27
251 30 76
252 0 72
253 21 40
254 8 21
255 48 2
256 7 48
257 50 72
258 9 38
259 29 44
260 57 3
261 44 92
262 36 45
263 9 17
264 87 82
265 59 49
266 78 24
267 52 31
268 3 14
269 45 60
270 78 23
271 5 97
272 12 70
273 16 61
274 81 57
275 79 59
276 19 86
277 79 46
278 93 26
279 32 38
280 52 70
281 41 27
282 10 46
283 31 41
284 95 44
285 26 84
286 65 37
287 84 15
288 96 1
289 5 0
290 6 15
291 71 72
292 73 62
293 42 53
294 32 80
295 21 21
296 72 83
297 67 34
298 47 59
299 32 44
300 35 23
301 48 36
302 64 50
303 65 54
304 58 39
305 98 17
306 33 8
307 45 87
308 89 98
309 33 49
310 83 41
311 66 55
312 63 51
313 69 22
314 92 42
315 32 15
316 33 41
317 81 39
318 63 9
319 34 12
320 22 97
321 36 63
322 58 78
323 71 8
324 67 11
325 41 64
326 16 90
327 64 51
328 93 72
329 74 68
330 2 72
331 93 69
332 79 90
333 71 94
334 63 70
335 3 59
336 3 74
337 86 38
338 47 50
339 85 47
340 76 60
341 17 1
342 70 65
343 61 58
344 43 68
345 15 6
346 40 82
347 46 35
348 71 14
349 75 98
350 75 26
351 11 29
352 75 68
353 34 15
354 11 37
355 79 77
356 9 61
357 67 97
358 74 32
359 60 49
360 22 21
361 19 70
362 63 20
363 17 24
364 79 100
365 42 60
366 80 40
367 98 69
368 74 9
369 94 38
370 53 74
371 71 75
372 0 25
373 55 55
374 2 66
375 71 98
376 9 94
377 81 27
378 91 26
379 61 26
380 21 22
381 83 40
382 67 46
383 37 31
384 90 74
385 84 90
386 28 19
387 91 58
388 23 93
389 61 79
390 67 74
391 83 93
392 58 49
393 2 28
394 96 4
395 53 55
396 23 4
397 98 21
398 31 49
399 69 78
400 13 45
401 25 25
402 37 35
403 27 93
404 77 6
405 55 53
406 97 100
407 24 22
408 46 47
409 35 4
410 94 94
411 6 93
412 13 85
413 81 8
414 88 57
415 35 69
416 14 84
417 12 64
418 42 11
419 5 91
420 54 58
421 78 5
422 99 39
423 44 37
424 2 54
425 33 83
426 39 68
427 25 53
428 63 45
429 60 34
430 35 9
431 32 13
432 26 34
433 77 74
434 63 25
435 22 58
436 59 95
437 31 98
438 55 56
439 41 65
440 32 74
441 75 92
442 91 52
443 31 55
444 14 8
445 27 20
446 2 56
447 44 59
448 18 86
449 23 65
450 87 31
451 75 97
452 49 9
453 53 42
454 0 27
455 22 89
456 75 57
457 45 89
458 48 50
459 21 76
460 78 25
461 31 26
462 41 90
463 77 41
464 7 86
465 13 4
466 80 100
467 71 2
468 68 1
469 86 15
470 41 40
471 68 85
472 66 91
473 30 5
474 55 68
475 51 21
476 33 75
477 71 68
478 61 13
479 14 17
480 71 35
481 1 65
482 27 58
483 92 99
484 53 92
485 73 57
486 11 75
487 74 74
488 79 55
489 52 95
490 11 40
491 75 52
492 49 77
493 9 1
494 60 79
495 67 39
496 13 82
497 23 57
498 48 88
499 94 17
500 55 4
501 2 10
502 30 7
503 15 7
504 0 5
505 70 11
506 82 11
507 78 17
508 16 76
509 49 79
510 12 81
511 3 67
512 80 19
513 68 60
514 1 25
515 5 53
516 33 12
517 54 43
518 94 52
519 37 46
520 82 96
521 0 18
522 60 11
523 20 97
524 57 64
525 49 20
526 94 48
527 100 28
528 17 87
529 49 44
530 88 19
531 2 11
532 9 63
533 18 78
534 58 35
535 48 9
536 71 59
537 24 52
538 96 9
539 60 78
540 52 87
541 65 25
542 5 59
543 5 82
544 50 75
545 91 61
546 42 77
547 43 8
548 81 67
549 33 0
550 52 19
551 69 72
552 99 42
553 66 95
554 6 71
555 66 77
556 34 17
557 39 23
558 73 31
559 46 41
560 27 14
561 92 54
562 94 58
563 3 53
564 92 98
565 75 72
566 43 60
567 93 25
568 38 3
569 45 28
570 24 36
571 96 42
572 13 20
573 32 23
574 15 30
575 76 41
576 81 89
577 100 52
578 64 3
579 100 7
580 79 78
581 21 63
582 39 81
583 37 38
584 89 26
585 64 42
586 57 88
587 93 96
588 76 20
589 55 86
590 72 41
591 82 75
592 92 4
593 10 68
594 65 2
595 48 83
596 58 83
597 59 5
598 11 79
599 68 9
600 52 24
601 22 18
602 59 72
603 74 63
604 50 30
605 84 17
606 55 35
607 55 15
608 69 31
609 74 98
610 56 2
611 58 18
612 66 64
613 16 49
614 15 66
615 100 6
616 29 28
617 81 79
618 18 5
619 48 61
620 23 85
621 8 95
622 34 6
623 47 84
624 23 27
625 74 76
626 100 38
627 91 12
628 34 1
629 3 1
630 29 34
631 20 91
632 72 91
633 29 97
634 55 78
635 36 43
636 10 91
637 89 80
638 66 46
639 55 51
640 45 95
641 89 40
642 7 5
643 0 54
644 31 23
645 36 25
646 29 19
647 31 72
648 86 32
649 16 4
650 34 66
651 41 44
652 8 30
653 68 49
654 26 23
655 5 93
656 23 70
657 22 56
658 49 26
659 86 100
660 87 18
661 72 97
662 46 46
663 67 49
664 54 20
665 49 60
666 95 28
667 70 86
668 15 37
669 28 96
670 4 26
671 78 57
672 59 53
673 55 41
674 63 93
675 5 56
676 94 39
677 17 66
678 19 37
679 64 53
680 1 64
681 43 67
682 86 28
683 34 5
684 64 26
685 89 84
686 71 17
687 54 15
688 91 34
689 68 75
690 57 92
691 83 64
692 60 60
693 74 5
694 91 7
695 60 87
696 64 83
697 93 28
698 59 44
699 71 23
700 100 96
701 6 31
702 15 35
703 65 81
704 26 92
705 83 76
706 94 3
707 85 96
708 55 88
709 88 90
710 58 26
711 18 59
712 26 71
713 27 7
714 36 27
715 60 69
716 5 94
717 45 29
718 1 68
719 25 95
720 37 89
721 52 21
722 100 24
723 89 89
724 44 39
725 11 14
726 13 47
727 39 50
728 66 5
729 75 1
730 57 38
731 79 56
732 79 69
733 90 51
734 21 12
735 83 94
736 77 88
737 7 90
738 61 47
739 95 92
740 77 54
741 14 48
742 99 4
743 49 43
744 40 28
745 63 39
746 33 48
747 70 90
748 83 63
749 24 93
750 34 88
751 76 0
752 36 24
753 35 91
754 8 43
755 4 13
756 53 0
757 48 90
758 10 83
759 63 41
760 90 61
761 10 48
762 93 65
763 54 29
764 8 81
765 17 26
766 3 33
767 46 70
768 3 31
769 99 54
770 66 60
771 89 96
772 13 78
773 24 39
774 44 28
775 76 83
776 98 29
777 45 90
778 7 66
779 24 37
780 84 70
781 93 18
782 29 74
783 96 28
784 30 49
785 91 11
786 78 82
787 14 16
788 17 61
789 99 24
790 67 92
791 47 44
792 2 62
793 87 51
794 15 15
795 61 18
796 4 78
797 91 45
798 5 21
799 37 70
800 56 21
801 75 59
802 34 55
803 37 72
804 33 19
805 8 15
806 48 96
807 15 84
808 32 27
809 63 95
810 2 59
811 46 49
812 75 44
813 76 50
814 63 74
815 40 2
816 96 8
817 17 90
818 32 19
819 99 81
820 6 26
821 91 40
822 67 100
823 35 2
824 58 58
825 73 19
826 51 87
827 77 21
828 27 96
829 99 18
830 43 88
831 51 25
832 26 38
833 24 73
834 90 3
835 28 14
836 45 0
837 37 8
838 57 31
839 1 39
840 18 56
841 92 71
842 18 27
843 69 26
844 24 6
845 72 12
846 45 11
847 86 57
848 78 37
849 93 49
850 30 64
851 87 10
852 0 56
853 33 69
854 9 45
855 18 89
856 29 54
857 38 76
858 98 28
859 94 74
860 33 67
861 99 40
862 56 93
863 68 90
864 94 56
865 0 99
866 78 15
867 29 23
868 87 95
869 65 11
870 32 49
871 20 62
872 94 7
873 4 22
874 76 66
875 16 6
876 72 54
877 66 11
878 64 18
879 96 97
880 54 87
881 46 68
882 17 59
883 68 28
884 55 2
885 45 14
886 86 12
887 46 19
888 73 4
889 22 78
890 13 30
891 58 47
892 86 33
893 10 15
894 96 62
895 8 10
896 42 20
897 37 88
898 60 28
899 47 95
900 50 66
901 44 34
902 39 15
903 46 54
904 18 0
905 11 46
906 68 64
907 56 47
908 4 67
909 55 81
910 17 74
911 91 38
912 53 58
913 30 4
914 23 9
915 34 2
916 59 23
917 31 10
918 10 47
919 47 25
920 33 53
921 79 37
922 16 99
923 33 17
924 100 35
925 40 50
926 96 88
927 75 33
928 47 30
929 88 66
930 39 49
931 68 40
932 42 16
933 96 82
934 96 18
935 19 75
936 14 78
937 16 8
938 18 66
939 58 77
940 98 98
941 11 58
942 49 76
943 74 28
944 92 86
945 14 97
946 17 8
947 85 4
948 51 17
949 17 48
950 38 93
951 31 71
952 17 77
953 17 0
954 88 64
955 4 61
956 10 20
957 49 11
958 0 97
959 26 8
960 49 38
961 74 20
962 73 99
963 47 35
964 64 94
965 86 43
966 3 99
967 83 13
968 60 20
969 3 66
970 94 95
971 21 28
972 18 92
973 68 17
974 30 97
975 97 22
976 37 86
977 46 61
978 66 26
979 14 98
980 4 1
981 0 53
982 32 88
983 62 61
984 69 99
985 53 45
986 83 95
987 32 24
988 31 94
989 41 58
990 78 26
991 1 83
992 42 44
993 33 50
994 23 78
995 41 78
996 24 41
997 16 0
998 54 55
