# N=999  D=45  Area=100
# id x y
0 50 50
1 96 40
2 76 11
3 66 8
4 90 77
5 12 18
6 21 18
7 72 15
8 84 84
9 85 43
10 43 2
11 93 28
12 97 11
13 76 24
14 52 49
15 9 5
16 11 50
17 17 96
18 46 20
19 95 31
20 40 67
21 64 48
22 95 33
23 38 40
24 22 1
25 10 16
26 73 12
27 93 49
28 70 72
29 83 41
30 76 43
31 30 22
32 37 2
33 91 90
34 84 68
35 14 11
36 3 94
37 96 58
38 73 37
39 99 3
40 93 14
41 82 35
42 46 49
43 4 30
44 81 63
45 73 45
46 58 95
47 55 83
48 86 47
49 51 43
50 16 77
51 38 6
52 6 46
53 75 89
54 77 86
55 43 0
56 40 68
57 60 87
58 25 71
59 49 72
60 6 79
61 32 75
62 83 66
63 46 32
64 37 63
65 87 57
66 92 25
67 61 12
68 55 28
69 42 69
70 73 25
71 28 61
72 83 11
73 82 98
74 13 71
75 0 42
76 39 49
77 80 78
78 87 60
79 74 70
80 53 54
81 12 9
82 60 64
83 51 14
84 0 90
85 25 11
86 87 56
87 69 3
88 9 70
89 32 97
90 44 36
91 1 21
92 51 54
93 33 91
94 68 60
95 47 38
96 41 45
97 49 28
98 95 25
99 42 67
100 44 5
101 79 54
102 50 31
103 6 86
104 96 73
105 27 64
106 56 41
107 72 78
108 15 71
109 40 87
110 64 20
111 45 38
112 58 87
113 27 29
114 26 32
115 71 18
116 9 47
117 63 18
118 99 12
119 49 49
120 89 96
121 77 7
122 94 52
123 31 28
124 17 38
125 80 25
126 70 40
127 11 58
128 1 16
129 7 22
130 3 80
131 98 0
132 85 6
133 14 22
134 21 87
135 82 51
136 67 60
137 98 49
138 67 100
139 36 69
140 92 59
141 79 8
142 20 12
143 21 58
144 60 5
145 2 7
146 60 72
147 63 75
148 73 35
149 26 41
150 65 59
151 49 27
152 88 91
153 30 90
154 37 54
155 88 55
156 55 3
157 33 58
158 85 54
159 59 92
160 9 87
161 66 18
162 90 8
163 24 69
164 12 63
165 87 2
166 99 27
167 94 49
168 17 69
169 88 84
170 91 75
171 38 51
172 1 84
173 99 46
174 4 1
175 75 44
176 32 57
177 97 88
178 90 32
179 83 73
180 25 90
181 89 40
182 25 92
183 87 51
184 52 7
185 8 41
186 39 74
187 54 47
188 94 44
189 19 72
190 71 34
191 54 16
192 49 57
193 13 27
194 32 87
195 20 86
196 42 94
197 42 2
198 61 36
199 94 77
200 34 29
201 100 11
202 56 96
203 97 83
204 19 100
205 28 29
206 6 8
207 34 4
208 100 32
209 83 43
210 40 79
211 9 20
212 99 52
213 76 69
214 56 27
215 89 38
216 12 34
217 18 41
218 14 59
219 84 80
220 42 73
221 16 72
222 79 13
223 45 56
224 2 73
225 24 73
226 42 91
227 93 72
228 96 89
229 46 12
230 68 48
231 81 68
232 56 79
233 49 18
234 21 91
235 73 47
236 92 85
237 58 43
238 97 98
239 84 13
240 5 59
241 14 49
242 90 79
243 46 7
244 77 46
245 66 85
246 76 53
247 75 10
248 76 67
249 18 28
250 38 86
251 92 40
252 75 92
253 86 84
254 34 21
255 41 60
256 4 6
257 64 33
258 89 39
259 26 57
260 0 81
261 64 5
262 42 79
263 2 11
264 73 49
265 84 30
266 50 59
267 78 89
268 1 4
269 67 28
270 13 76
271 7 53
272 42 42
273 39 12
274 58 89
275 84 21
276 22 46
277 16 11
278 62 100
279 97 82
280 31 27
281 56 60
282 32 20
283 86 62
284 64 70
285 8 90
286 91 79
287 4 21
288 45 69
289 66 64
290 100 77
291 9 44
292 49 98
293 75 4
294 47 49
295 2 69
296 13 94
297 78 14
298 0 19
299 69 17
300 3 7
301 47 52
302 86 85
303 63 38
304 11 42
305 53 13
306 13 31
307 91 55
308 68 7
309 63 16
310 1 28
311 87 62
312 41 81
313 86 55
314 42 90
315 99 99
316 98 56
317 72 0
318 98 81
319 3 57
320 38 87
321 85 59
322 70 43
323 99 53
324 59 23
325 70 70
326 72 19
327 97 80
328 62 58
329 73 17
330 70 60
331 28 79
332 69 8
333 6 47
334 21 99
335 64 84
336 48 73
337 43 90
338 63 53
339 40 37
340 4 81
341 8 3
342 53 26
343 94 46
344 60 75
345 85 20
346 64 88
347 59 1
348 50 77
349 16 28
350 65 31
351 83 17
352 10 29
353 61 30
354 10 4
355 22 11
356 46 37
357 68 41
358 34 86
359 76 93
360 64 60
361 73 56
362 98 30
363 7 50
364 72 38
365 59 30
366 97 56
367 34 12
368 10 58
369 41 86
370 81 51
371 4 22
372 60 14
373 29 19
374 21 71
375 2 38
376 43 44
377 70 32
378 98 24
379 37 19
380 47 97
381 12 96
382 65 45
383 42 26
384 11 39
385 24 86
386 57 97
387 72 21
388 6 33
389 64 23
390 95 23
391 74 63
392 39 19
393 8 87
394 72 2
395 14 67
396 96 78
397 12 46
398 43 99
399 70 15
400 52 85
401 59 40
402 45 66
403 0 38
404 78 72
405 19 78
406 28 30
407 34 9
408 60 65
409 41 59
410 35 43
411 80 72
412 50 81
413 97 91
414 97 5
415 75 14
416 97 65
417 59 6
418 31 54
419 83 4
420 41 38
421 6 29
422 26 82
423 84 32
424 71 29
425 37 32
426 1 86
427 8 88
428 63 44
429 44 18
430 11 94
431 20 67
432 2 10
433 48 92
434 62 12
435 96 72
436 7 47
437 15 18
438 77 69
439 19 37
440 81 79
441 66 95
442 88 1
443 10 18
444 36 27
445 89 76
446 49 60
447 25 27
448 80 37
449 63 48
450 11 90
451 63 93
452 53 86
453 73 100
454 80 71
455 95 74
456 55 63
457 57 21
458 4 99
459 83 96
460 0 36
461 97 59
462 49 14
463 21 12
464 93 44
465 37 39
466 54 76
467 81 7
468 17 19
469 26 81
470 23 38
471 99 96
472 45 88
473 30 96
474 100 17
475 55 56
476 32 12
477 70 4
478 44 91
479 80 17
480 80 28
481 15 64
482 44 13
483 66 74
484 58 74
485 82 43
486 32 89
487 37 88
488 89 51
489 69 91
490 33 48
491 66 20
492 34 95
493 77 63
494 26 48
495 51 22
496 35 44
497 89 64
498 34 0
499 17 99
500 59 18
501 59 81
502 61 59
503 15 63
504 2 26
505 84 91
506 92 60
507 36 14
508 43 58
509 14 88
510 9 28
511 10 52
512 21 51
513 60 73
514 51 4
515 36 79
516 93 7
517 45 33
518 93 90
519 61 61
520 69 38
521 93 59
522 27 18
523 57 66
524 0 99
525 78 87
526 41 51
527 95 3
528 94 85
529 34 38
530 85 3
531 87 86
532 54 55
533 31 61
534 28 65
535 22 27
536 88 52
537 14 24
538 52 100
539 72 77
540 63 5
541 100 99
542 72 62
543 62 78
544 87 72
545 38 39
546 29 6
547 42 81
548 1 60
549 10 22
550 35 38
551 7 89
552 67 45
553 24 61
554 32 51
555 13 47
556 51 11
557 42 55
558 1 88
559 48 44
560 31 42
561 61 82
562 58 51
563 7 39
564 21 17
565 10 48
566 41 73
567 35 40
568 56 38
569 50 0
570 73 9
571 70 53
572 79 94
573 66 66
574 39 59
575 29 7
576 22 89
577 79 95
578 16 2
579 89 83
580 13 73
581 75 31
582 57 76
583 78 76
584 3 5
585 91 39
586 68 11
587 65 88
588 20 91
589 64 28
590 5 7
591 46 5
592 12 75
593 12 50
594 45 29
595 70 69
596 31 63
597 91 12
598 14 63
599 44 85
600 60 20
601 9 48
602 14 66
603 3 73
604 24 98
605 56 53
606 0 60
607 73 52
608 12 53
609 69 93
610 68 74
611 60 69
612 0 91
613 42 85
614 97 90
615 2 61
616 10 42
617 87 73
618 2 2
619 45 34
620 42 88
621 81 23
622 45 35
623 52 2
624 88 24
625 33 63
626 25 82
627 34 99
628 98 71
629 63 99
630 18 51
631 30 99
632 54 45
633 74 0
634 81 90
635 81 84
636 10 97
637 44 96
638 100 13
639 92 79
640 100 64
641 76 58
642 18 99
643 11 65
644 91 63
645 64 57
646 41 40
647 12 13
648 79 49
649 10 65
650 45 55
651 62 29
652 54 28
653 77 96
654 5 80
655 44 14
656 86 89
657 75 84
658 97 8
659 43 34
660 13 17
661 73 70
662 99 21
663 17 33
664 90 43
665 43 10
666 55 68
667 2 72
668 28 13
669 47 34
670 5 73
671 60 82
672 43 38
673 95 79
674 28 33
675 86 18
676 4 0
677 48 6
678 48 77
679 47 100
680 18 91
681 90 98
682 13 15
683 50 76
684 53 22
685 20 82
686 91 35
687 54 75
688 82 42
689 86 50
690 49 4
691 68 62
692 21 2
693 93 31
694 63 42
695 50 56
696 95 97
697 99 24
698 98 7
699 14 52
700 44 12
701 18 25
702 3 42
703 61 16
704 8 70
705 95 92
706 3 6
707 19 8
708 58 27
709 86 75
710 28 80
711 4 84
712 56 83
713 87 34
714 45 58
715 43 47
716 30 32
717 79 10
718 72 39
719 90 83
720 11 62
721 52 29
722 86 48
723 96 46
724 27 81
725 21 68
726 11 95
727 68 19
728 2 80
729 69 40
730 38 15
731 83 70
732 54 65
733 4 44
734 33 4
735 78 73
736 74 29
737 80 16
738 27 34
739 59 51
740 94 43
741 5 71
742 100 49
743 40 52
744 46 38
745 53 38
746 81 83
747 33 33
748 55 66
749 94 17
750 38 81
751 46 84
752 41 48
753 36 44
754 38 5
755 89 45
756 66 71
757 36 83
758 18 47
759 63 49
760 26 7
761 49 34
762 22 40
763 40 38
764 50 41
765 92 50
766 20 94
767 70 26
768 51 89
769 20 50
770 43 50
771 98 32
772 22 44
773 75 54
774 1 7
775 41 66
776 62 68
777 39 44
778 32 17
779 98 99
780 100 86
781 14 15
782 11 13
783 54 0
784 69 52
785 70 25
786 14 54
787 77 15
788 11 96
789 67 27
790 5 83
791 76 36
792 13 91
793 26 20
794 65 57
795 14 55
796 68 75
797 68 29
798 32 2
799 61 87
800 87 15
801 90 78
802 67 74
803 56 76
804 59 50
805 20 36
806 74 88
807 59 72
808 66 98
809 10 64
810 57 82
811 79 67
812 0 48
813 44 56
814 40 16
815 33 11
816 84 72
817 10 51
818 70 59
819 47 93
820 57 32
821 7 14
822 8 30
823 28 32
824 79 96
825 11 81
826 57 36
827 54 43
828 34 100
829 24 21
830 64 15
831 41 26
832 42 28
833 48 11
834 37 42
835 66 0
836 31 2
837 51 21
838 91 28
839 76 96
840 17 50
841 41 92
842 87 71
843 16 83
844 37 98
845 88 61
846 23 88
847 91 66
848 71 84
849 98 37
850 88 38
851 2 93
852 27 57
853 24 64
854 32 6
855 89 60
856 61 38
857 88 3
858 81 37
859 29 62
860 49 69
861 29 35
862 19 21
863 84 4
864 52 15
865 20 84
866 43 68
867 48 93
868 49 79
869 4 47
870 70 95
871 66 10
872 21 10
873 62 33
874 29 48
875 18 76
876 26 93
877 50 62
878 60 8
879 37 34
880 92 1
881 76 88
882 66 94
883 60 12
884 31 0
885 51 73
886 67 73
887 25 1
888 56 32
889 35 98
890 7 56
891 40 88
892 8 81
893 10 32
894 42 15
895 65 14
896 20 17
897 62 30
898 61 17
899 74 13
900 68 22
901 68 86
902 17 4
903 25 57
904 84 78
905 65 43
906 72 3
907 39 38
908 56 63
909 20 87
910 21 14
911 44 88
912 6 61
913 44 75
914 12 17
915 52 63
916 31 12
917 75 37
918 95 48
919 69 74
920 47 39
921 15 45
922 25 98
923 55 51
924 47 55
925 72 56
926 6 56
927 93 16
928 68 92
929 0 85
930 61 35
931 33 78
932 31 80
933 94 16
934 87 83
935 75 59
936 49 83
937 43 55
938 14 18
939 71 25
940 44 64
941 65 21
942 81 0
943 15 13
944 30 2
945 3 54
946 83 69
947 67 55
948 8 73
949 36 57
950 87 19
951 84 12
952 45 90
953 58 66
954 57 79
955 68 14
956 82 82
957 41 33
958 100 76
959 50 7
960 5 30
961 40 42
962 43 3
963 2 84
964 11 60
965 61 25
966 65 25
967 67 35
968 9 45
969 38 71
970 5 20
971 71 4
972 79 45
973 13 16
974 73 85
975 51 13
976 100 93
977 46 47
978 55 31
979 29 18
980 29 96
981 39 46
982 35 88
983 20 63
984 37 93
985 89 70
986 57 50
987 30 19
988 70 36
989 47 61
990 82 16
991 24 77
992 78 3
993 51 75
994 80 0
995 57 41
996 26 51
997 31 10
998 62 38
