# N=999  D=45  Area=100
# id x y
0 50 50
1 7 77
2 77 25
3 96 9
4 41 87
5 52 57
6 21 98
7 69 72
8 8 26
9 35 39
10 63 60
11 25 76
12 30 76
13 93 87
14 86 92
15 28 4
16 43 17
17 68 54
18 9 85
19 30 93
20 44 78
21 83 9
22 27 63
23 33 7
24 92 40
25 85 59
26 25 37
27 11 64
28 52 82
29 32 57
30 25 2
31 91 52
32 6 58
33 96 31
34 13 28
35 57 48
36 96 78
37 65 22
38 84 48
39 17 72
40 43 62
41 86 55
42 29 84
43 67 8
44 71 47
45 24 33
46 33 27
47 38 85
48 1 76
49 45 18
50 99 19
51 37 23
52 18 61
53 2 89
54 80 61
55 12 60
56 20 39
57 93 17
58 80 17
59 48 88
60 89 61
61 24 80
62 74 39
63 19 23
64 57 78
65 14 17
66 9 89
67 19 40
68 92 77
69 82 63
70 65 20
71 68 40
72 48 20
73 71 41
74 22 53
75 15 69
76 87 10
77 59 92
78 51 18
79 78 25
80 70 94
81 14 72
82 9 65
83 6 53
84 39 84
85 84 74
86 10 56
87 27 95
88 64 9
89 33 96
90 34 13
91 27 34
92 17 90
93 91 60
94 36 12
95 26 25
96 64 2
97 47 64
98 53 54
99 53 8
100 65 78
101 59 76
102 30 12
103 47 100
104 2 58
105 27 26
106 92 66
107 20 77
108 54 33
109 90 59
110 22 97
111 46 37
112 25 95
113 8 35
114 62 49
115 50 96
116 90 41
117 84 50
118 68 51
119 8 63
120 14 61
121 70 23
122 96 27
123 62 99
124 37 89
125 53 61
126 50 30
127 6 32
128 19 43
129 24 17
130 13 42
131 97 61
132 58 81
133 36 24
134 74 33
135 42 73
136 10 1
137 64 51
138 63 3
139 37 85
140 75 35
141 14 24
142 93 5
143 17 15
144 23 72
145 45 87
146 89 48
147 66 95
148 43 66
149 98 68
150 84 44
151 58 38
152 95 11
153 30 81
154 88 84
155 92 63
156 74 74
157 18 62
158 56 78
159 15 88
160 63 47
161 87 79
162 53 19
163 48 70
164 35 4
165 53 29
166 34 17
167 30 31
168 66 75
169 47 59
170 3 37
171 57 8
172 74 18
173 68 16
174 53 67
175 16 28
176 57 98
177 81 11
178 3 52
179 78 41
180 51 86
181 61 59
182 5 43
183 73 28
184 54 64
185 97 75
186 77 11
187 88 38
188 92 19
189 19 5
190 32 87
191 99 77
192 74 4
193 68 69
194 46 9
195 10 89
196 90 39
197 32 74
198 100 38
199 67 2
200 84 30
201 90 90
202 6 31
203 71 25
204 73 30
205 11 99
206 55 18
207 61 98
208 46 38
209 70 73
210 76 89
211 58 15
212 76 48
213 84 86
214 99 28
215 16 52
216 95 23
217 1 86
218 36 54
219 81 57
220 93 42
221 57 16
222 14 47
223 87 17
224 14 75
225 40 16
226 86 64
227 70 51
228 32 43
229 89 49
230 65 80
231 11 17
232 13 18
233 10 54
234 72 82
235 41 71
236 34 34
237 14 21
238 42 31
239 39 21
240 33 39
241 87 4
242 8 4
243 54 6
244 35 92
245 2 78
246 0 5
247 57 11
248 78 22
249 78 66
250 37 97
251 80 0
252 27 19
253 38 9
254 25 43
255 21 90
256 61 64
257 85 32
258 65 75
259 70 19
260 5 33
261 54 96
262 35 65
263 41 88
264 68 43
265 97 98
266 15 6
267 40 54
268 100 64
269 58 96
270 34 5
271 14 8
272 82 3
273 46 39
274 12 52
275 77 62
276 11 87
277 30 36
278 51 30
279 47 78
280 58 43
281 26 39
282 5 7
283 45 43
284 4 52
285 60 72
286 75 38
287 63 89
288 12 98
289 28 18
290 66 45
291 12 14
292 58 65
293 87 63
294 35 41
295 29 31
296 62 76
297 55 75
298 94 31
299 65 87
300 66 59
301 16 36
302 91 31
303 40 15
304 28 46
305 33 23
306 42 46
307 56 3
308 30 94
309 12 20
310 19 14
311 74 16
312 7 69
313 42 40
314 44 88
315 43 55
316 83 85
317 23 84
318 22 0
319 87 80
320 22 93
321 55 48
322 94 67
323 34 64
324 6 70
325 73 2
326 82 43
327 69 97
328 56 48
329 80 55
330 18 22
331 19 57
332 59 71
333 11 37
334 32 5
335 97 63
336 88 5
337 68 77
338 85 13
339 78 71
340 25 88
341 100 70
342 39 58
343 6 23
344 65 9
345 58 5
346 51 28
347 50 24
348 33 78
349 99 96
350 3 46
351 85 93
352 89 6
353 85 99
354 54 87
355 33 93
356 92 25
357 21 29
358 71 16
359 97 80
360 39 20
361 22 58
362 47 88
363 54 85
364 15 72
365 15 43
366 19 67
367 11 5
368 74 31
369 37 61
370 93 94
371 78 2
372 36 19
373 93 56
374 36 10
375 54 2
376 99 91
377 96 2
378 65 97
379 17 21
380 45 88
381 41 17
382 20 79
383 70 85
384 10 87
385 42 82
386 86 39
387 62 67
388 98 46
389 19 98
390 18 95
391 24 37
392 60 23
393 58 100
394 91 3
395 34 96
396 84 21
397 92 38
398 29 21
399 28 49
400 72 35
401 56 30
402 27 91
403 89 8
404 76 86
405 18 56
406 39 53
407 16 92
408 16 82
409 11 18
410 11 88
411 7 72
412 21 54
413 98 64
414 87 9
415 70 96
416 74 22
417 83 57
418 62 62
419 33 92
420 35 94
421 32 80
422 54 41
423 48 59
424 92 16
425 52 11
426 39 26
427 46 82
428 87 7
429 79 7
430 12 86
431 28 3
432 63 13
433 97 43
434 16 65
435 38 66
436 29 29
437 19 85
438 3 76
439 0 27
440 37 14
441 97 16
442 68 78
443 63 78
444 68 95
445 74 55
446 72 25
447 33 81
448 10 32
449 60 13
450 28 26
451 57 53
452 49 52
453 29 96
454 44 23
455 33 53
456 56 67
457 2 67
458 98 27
459 93 15
460 91 45
461 29 80
462 11 52
463 67 14
464 62 7
465 73 92
466 69 7
467 9 59
468 60 18
469 74 15
470 39 95
471 11 48
472 23 61
473 16 90
474 88 12
475 93 60
476 61 80
477 30 57
478 9 100
479 4 90
480 78 85
481 40 12
482 100 56
483 83 27
484 100 82
485 86 83
486 51 56
487 96 81
488 80 18
489 7 52
490 41 82
491 69 55
492 72 24
493 62 65
494 51 98
495 74 49
496 97 55
497 57 9
498 59 15
499 38 59
500 69 54
501 86 58
502 63 61
503 99 33
504 34 36
505 86 43
506 14 16
507 76 4
508 77 20
509 29 5
510 18 25
511 81 5
512 4 2
513 30 8
514 6 74
515 48 32
516 81 77
517 18 65
518 58 82
519 9 67
520 88 39
521 13 97
522 81 64
523 76 64
524 1 28
525 73 86
526 57 77
527 43 18
528 36 84
529 70 65
530 84 33
531 10 7
532 25 82
533 53 43
534 46 63
535 93 21
536 73 75
537 64 35
538 100 61
539 52 46
540 30 69
541 90 31
542 64 72
543 32 39
544 71 19
545 81 21
546 5 50
547 35 58
548 38 90
549 0 70
550 69 73
551 31 66
552 88 31
553 29 60
554 67 28
555 14 28
556 92 18
557 91 65
558 80 38
559 60 12
560 57 82
561 29 87
562 46 68
563 84 53
564 70 93
565 58 24
566 83 87
567 38 19
568 32 65
569 50 68
570 87 56
571 98 42
572 49 4
573 6 42
574 72 71
575 2 65
576 45 11
577 15 9
578 98 39
579 15 70
580 16 47
581 9 29
582 4 16
583 36 23
584 97 20
585 49 67
586 9 76
587 78 1
588 38 74
589 66 94
590 17 39
591 49 44
592 42 41
593 35 55
594 31 50
595 56 69
596 48 6
597 69 45
598 61 48
599 23 71
600 32 45
601 55 54
602 6 41
603 79 94
604 59 23
605 99 64
606 84 10
607 5 0
608 47 7
609 51 72
610 20 35
611 71 32
612 57 49
613 86 47
614 4 44
615 17 8
616 46 66
617 84 66
618 20 87
619 62 61
620 21 23
621 10 17
622 2 64
623 17 64
624 87 81
625 31 71
626 49 96
627 36 47
628 19 18
629 2 17
630 41 28
631 20 17
632 77 38
633 60 65
634 76 83
635 13 79
636 36 75
637 19 88
638 74 47
639 13 7
640 2 91
641 56 88
642 5 20
643 51 96
644 10 59
645 70 52
646 65 37
647 35 81
648 56 27
649 42 2
650 71 65
651 44 66
652 51 11
653 21 21
654 39 73
655 68 48
656 53 12
657 32 78
658 11 98
659 76 67
660 91 8
661 71 24
662 63 40
663 63 80
664 58 67
665 74 97
666 15 38
667 82 59
668 37 64
669 2 22
670 94 3
671 60 38
672 18 93
673 75 23
674 32 8
675 64 27
676 90 34
677 28 68
678 62 54
679 84 8
680 93 38
681 46 81
682 74 7
683 60 69
684 67 57
685 73 42
686 73 96
687 35 6
688 20 70
689 58 57
690 25 45
691 0 68
692 21 10
693 79 46
694 11 72
695 23 51
696 59 57
697 2 83
698 56 33
699 47 68
700 97 18
701 16 12
702 15 87
703 37 16
704 91 16
705 41 72
706 12 93
707 23 5
708 100 47
709 10 58
710 90 18
711 53 4
712 42 90
713 20 57
714 84 12
715 0 31
716 5 53
717 64 53
718 74 53
719 78 82
720 8 55
721 86 0
722 2 25
723 53 48
724 20 21
725 13 43
726 53 70
727 50 41
728 95 64
729 51 73
730 83 67
731 57 70
732 16 22
733 57 93
734 29 98
735 91 6
736 75 70
737 19 11
738 29 95
739 26 35
740 19 62
741 1 34
742 75 12
743 100 44
744 90 9
745 18 42
746 87 40
747 5 39
748 73 56
749 76 41
750 69 88
751 30 71
752 94 71
753 63 42
754 88 80
755 22 72
756 74 86
757 39 68
758 11 91
759 86 62
760 49 62
761 44 84
762 82 23
763 39 12
764 35 79
765 31 41
766 36 18
767 21 63
768 0 3
769 14 37
770 48 74
771 26 12
772 41 74
773 22 6
774 23 42
775 92 65
776 38 71
777 87 45
778 3 83
779 65 54
780 19 39
781 88 95
782 35 24
783 81 70
784 17 1
785 86 10
786 63 38
787 16 51
788 87 68
789 63 95
790 19 30
791 79 92
792 34 8
793 60 97
794 8 19
795 45 30
796 74 72
797 0 85
798 80 2
799 72 66
800 38 75
801 8 40
802 44 21
803 0 34
804 3 19
805 78 19
806 72 74
807 64 1
808 35 15
809 19 73
810 100 55
811 50 33
812 49 81
813 83 91
814 53 90
815 73 58
816 13 26
817 28 91
818 56 39
819 21 11
820 53 71
821 94 66
822 37 8
823 12 32
824 90 62
825 98 8
826 40 59
827 14 82
828 69 5
829 37 75
830 99 10
831 14 62
832 85 10
833 46 78
834 90 91
835 79 70
836 22 77
837 79 44
838 94 36
839 60 33
840 60 21
841 77 1
842 47 54
843 83 65
844 83 25
845 29 72
846 13 81
847 55 27
848 68 64
849 26 19
850 34 88
851 86 29
852 64 79
853 97 64
854 37 47
855 72 52
856 10 4
857 83 42
858 24 4
859 79 79
860 88 63
861 16 93
862 89 98
863 76 65
864 93 85
865 35 70
866 25 73
867 63 71
868 61 91
869 5 5
870 34 0
871 53 25
872 94 60
873 34 49
874 25 27
875 96 49
876 74 79
877 43 5
878 33 100
879 53 77
880 61 32
881 51 12
882 69 95
883 27 54
884 44 58
885 76 97
886 16 11
887 50 99
888 45 85
889 52 40
890 95 16
891 91 35
892 76 74
893 55 12
894 15 17
895 5 64
896 61 89
897 46 67
898 52 7
899 76 70
900 67 95
901 70 15
902 10 45
903 29 70
904 40 91
905 24 41
906 25 58
907 21 7
908 55 80
909 90 60
910 29 14
911 99 29
912 32 88
913 51 23
914 96 67
915 7 45
916 43 72
917 61 24
918 68 56
919 30 51
920 43 93
921 39 78
922 15 22
923 19 54
924 3 73
925 7 33
926 70 63
927 4 46
928 84 36
929 82 25
930 22 43
931 61 60
932 70 18
933 15 64
934 59 82
935 35 7
936 91 40
937 1 5
938 86 54
939 33 98
940 36 71
941 18 88
942 81 49
943 7 31
944 84 59
945 87 8
946 87 96
947 42 9
948 35 80
949 66 90
950 39 80
951 81 6
952 50 10
953 8 61
954 96 38
955 80 8
956 75 39
957 21 77
958 78 59
959 33 68
960 43 41
961 51 41
962 4 21
963 98 4
964 54 35
965 34 97
966 91 68
967 85 97
968 84 72
969 19 26
970 18 94
971 0 96
972 83 41
973 92 96
974 60 44
975 92 28
976 66 18
977 5 4
978 92 0
979 18 33
980 50 48
981 27 46
982 64 96
983 28 88
984 97 67
985 47 4
986 25 1
987 23 73
988 74 54
989 63 54
990 9 18
991 54 10
992 75 15
993 61 42
994 48 66
995 56 6
996 99 4
997 7 70
998 82 79
