# N=999  D=45  Area=100
# id x y
0 50 50
1 85 15
2 54 91
3 8 42
4 72 7
5 32 32
6 48 89
7 29 30
8 0 5
9 70 51
10 54 22
11 21 25
12 27 54
13 40 23
14 18 95
15 74 8
16 13 12
17 49 68
18 84 65
19 62 38
20 56 18
21 71 95
22 24 9
23 1 67
24 10 34
25 21 63
26 24 73
27 93 75
28 82 93
29 60 33
30 23 15
31 89 31
32 28 22
33 16 99
34 98 39
35 8 93
36 80 60
37 50 98
38 61 85
39 23 6
40 0 57
41 97 14
42 35 23
43 46 8
44 76 39
45 62 80
46 38 12
47 6 72
48 54 44
49 38 2
50 76 65
51 23 4
52 35 73
53 81 42
54 6 32
55 64 95
56 18 44
57 34 75
58 61 54
59 31 11
60 80 24
61 96 18
62 38 99
63 60 10
64 15 56
65 6 58
66 21 28
67 66 28
68 40 66
69 78 54
70 55 35
71 47 57
72 6 93
73 87 28
74 55 57
75 22 30
76 24 78
77 23 3
78 51 60
79 48 34
80 97 92
81 81 73
82 47 69
83 96 96
84 91 87
85 16 59
86 75 5
87 14 34
88 12 62
89 71 59
90 97 30
91 23 21
92 94 39
93 18 59
94 49 13
95 2 77
96 99 38
97 22 69
98 27 46
99 50 97
100 68 75
101 94 23
102 95 52
103 8 21
104 83 86
105 45 87
106 8 20
107 8 63
108 56 79
109 34 9
110 33 34
111 25 73
112 88 49
113 93 33
114 71 10
115 83 85
116 78 89
117 67 38
118 98 9
119 57 55
120 83 64
121 80 29
122 63 86
123 4 38
124 29 17
125 88 39
126 55 80
127 90 25
128 87 8
129 26 42
130 64 25
131 69 0
132 22 78
133 42 66
134 88 10
135 64 58
136 15 5
137 28 20
138 19 48
139 100 81
140 69 49
141 6 42
142 17 55
143 88 74
144 33 14
145 28 19
146 3 32
147 46 67
148 16 72
149 76 71
150 86 5
151 85 97
152 88 14
153 24 68
154 41 53
155 94 55
156 12 52
157 51 63
158 20 53
159 89 21
160 6 16
161 50 65
162 32 21
163 12 36
164 86 78
165 23 43
166 16 92
167 14 72
168 35 71
169 93 51
170 35 40
171 40 55
172 33 75
173 32 68
174 15 37
175 99 77
176 81 30
177 2 24
178 46 14
179 94 43
180 43 37
181 21 16
182 98 69
183 92 30
184 15 85
185 52 72
186 61 36
187 5 86
188 15 32
189 71 25
190 12 5
191 43 61
192 12 57
193 81 68
194 26 3
195 25 11
196 86 70
197 15 54
198 9 14
199 33 78
200 78 59
201 90 93
202 30 18
203 44 82
204 58 76
205 12 55
206 63 80
207 38 29
208 50 30
209 50 90
210 1 3
211 39 88
212 54 74
213 83 69
214 21 2
215 70 60
216 59 11
217 36 62
218 89 88
219 45 99
220 30 43
221 32 19
222 44 64
223 32 76
224 55 60
225 1 83
226 28 63
227 69 58
228 41 29
229 25 57
230 54 41
231 58 13
232 26 51
233 83 89
234 36 68
235 50 49
236 88 56
237 73 41
238 51 81
239 7 7
240 50 92
241 38 97
242 80 50
243 96 10
244 84 35
245 0 27
246 36 34
247 58 98
248 79 74
249 28 40
250 8 55
251 45 9
252 58 40
253 30 2
254 8 95
255 54 100
256 1 79
257 18 23
258 4 86
259 10 41
260 81 2
261 36 53
262 93 80
263 82 52
264 67 22
265 66 45
266 64 34
267 8 34
268 87 72
269 0 77
270 81 80
271 61 32
272 87 9
273 73 79
274 74 6
275 8 65
276 22 5
277 2 58
278 47 54
279 64 43
280 21 51
281 26 57
282 98 35
283 53 0
284 93 1
285 11 83
286 47 80
287 5 7
288 20 42
289 43 54
290 89 79
291 66 24
292 21 26
293 77 55
294 82 16
295 7 75
296 4 23
297 60 58
298 56 57
299 57 32
300 3 85
301 94 2
302 8 90
303 73 87
304 94 99
305 28 71
306 23 41
307 89 49
308 29 8
309 43 21
310 12 88
311 62 92
312 92 86
313 68 6
314 34 59
315 11 62
316 1 91
317 31 30
318 63 17
319 71 33
320 71 18
321 78 55
322 2 21
323 20 12
324 37 79
325 80 48
326 7 37
327 9 97
328 71 36
329 20 79
330 72 61
331 32 94
332 24 66
333 35 22
334 47 65
335 80 80
336 68 46
337 20 86
338 59 21
339 21 57
340 38 61
341 51 93
342 76 19
343 29 50
344 56 75
345 53 39
346 67 39
347 71 27
348 55 86
349 11 31
350 43 87
351 71 20
352 91 12
353 11 91
354 15 47
355 16 66
356 3 5
357 51 48
358 16 54
359 11 11
360 98 25
361 95 50
362 11 10
363 35 83
364 65 26
365 66 39
366 21 32
367 99 13
368 82 8
369 100 42
370 40 64
371 57 33
372 39 97
373 53 33
374 65 96
375 68 100
376 40 2
377 69 23
378 59 97
379 90 15
380 87 98
381 32 93
382 38 80
383 51 99
384 86 36
385 2 44
386 50 22
387 34 21
388 88 80
389 13 54
390 49 57
391 59 53
392 41 50
393 74 16
394 91 61
395 52 58
396 53 16
397 69 8
398 54 26
399 96 33
400 11 90
401 32 27
402 9 65
403 12 61
404 86 4
405 28 53
406 5 41
407 97 7
408 92 28
409 56 4
410 66 58
411 32 46
412 13 58
413 63 54
414 54 39
415 9 20
416 39 100
417 52 67
418 42 15
419 55 33
420 90 5
421 18 20
422 37 100
423 77 20
424 14 93
425 18 28
426 7 40
427 17 49
428 26 65
429 84 37
430 58 7
431 67 6
432 35 97
433 58 69
434 23 69
435 76 96
436 7 46
437 60 37
438 69 52
439 0 18
440 13 51
441 67 59
442 47 21
443 26 89
444 35 35
445 40 92
446 0 12
447 44 22
448 89 29
449 61 24
450 31 62
451 73 53
452 53 22
453 68 10
454 58 11
455 27 22
456 39 75
457 88 4
458 72 69
459 5 100
460 3 18
461 83 100
462 41 65
463 0 70
464 67 91
465 49 33
466 23 93
467 68 25
468 91 46
469 55 3
470 10 43
471 47 72
472 82 17
473 35 62
474 69 93
475 11 76
476 61 58
477 62 56
478 93 6
479 67 5
480 9 21
481 48 99
482 94 30
483 53 84
484 20 22
485 78 92
486 15 2
487 80 79
488 38 85
489 51 69
490 41 45
491 92 27
492 41 86
493 29 12
494 95 91
495 89 74
496 89 89
497 74 48
498 25 24
499 93 89
500 52 35
501 84 55
502 23 58
503 27 56
504 94 36
505 69 42
506 65 78
507 90 78
508 90 77
509 1 1
510 15 46
511 2 0
512 49 34
513 27 86
514 20 46
515 1 46
516 43 9
517 89 33
518 48 87
519 75 88
520 80 33
521 97 49
522 40 97
523 70 20
524 3 62
525 50 44
526 53 14
527 84 2
528 62 5
529 82 54
530 19 76
531 68 74
532 27 83
533 38 78
534 11 59
535 95 94
536 77 23
537 96 24
538 92 93
539 64 93
540 23 55
541 60 60
542 22 3
543 42 10
544 44 80
545 9 23
546 57 22
547 24 98
548 78 48
549 40 19
550 21 96
551 33 29
552 59 37
553 1 32
554 75 92
555 22 9
556 13 15
557 77 41
558 32 58
559 22 89
560 15 87
561 15 98
562 40 83
563 13 84
564 65 18
565 80 77
566 62 95
567 20 63
568 75 93
569 27 31
570 67 52
571 25 81
572 73 48
573 91 81
574 33 52
575 92 83
576 17 12
577 20 92
578 68 9
579 76 94
580 75 80
581 74 29
582 46 70
583 67 3
584 58 35
585 57 98
586 29 15
587 71 62
588 48 47
589 95 29
590 28 25
591 60 15
592 49 65
593 89 63
594 89 10
595 62 37
596 64 28
597 25 56
598 38 27
599 36 60
600 29 96
601 82 44
602 21 79
603 78 1
604 92 55
605 81 31
606 14 0
607 33 15
608 99 14
609 32 40
610 98 23
611 63 16
612 36 0
613 45 30
614 18 50
615 81 56
616 67 8
617 90 12
618 90 75
619 27 77
620 1 57
621 83 7
622 75 96
623 74 98
624 32 48
625 83 27
626 24 79
627 17 40
628 29 42
629 46 22
630 36 52
631 2 40
632 89 95
633 16 83
634 51 5
635 73 50
636 72 1
637 5 38
638 100 34
639 26 50
640 20 77
641 30 63
642 40 37
643 69 90
644 72 71
645 72 90
646 45 84
647 64 55
648 73 86
649 32 23
650 83 82
651 79 35
652 91 42
653 36 24
654 87 68
655 36 29
656 84 20
657 87 3
658 15 61
659 45 38
660 51 51
661 13 47
662 66 71
663 2 60
664 60 79
665 82 59
666 13 57
667 54 69
668 58 38
669 77 77
670 40 18
671 47 58
672 70 63
673 97 72
674 26 39
675 17 13
676 79 36
677 45 89
678 75 45
679 98 42
680 34 30
681 15 25
682 76 30
683 32 98
684 69 41
685 51 87
686 91 72
687 30 8
688 8 69
689 83 8
690 49 25
691 2 11
692 16 63
693 4 51
694 34 19
695 3 19
696 5 61
697 3 89
698 83 9
699 2 16
700 44 20
701 54 75
702 33 66
703 50 83
704 82 73
705 46 56
706 12 40
707 1 71
708 98 64
709 61 25
710 43 13
711 80 16
712 70 81
713 24 23
714 35 16
715 6 76
716 77 52
717 94 64
718 61 4
719 49 52
720 7 90
721 22 19
722 85 56
723 1 4
724 2 81
725 93 41
726 89 1
727 37 5
728 0 100
729 33 46
730 34 74
731 92 100
732 2 4
733 58 0
734 52 41
735 27 74
736 50 69
737 68 71
738 9 32
739 92 34
740 15 41
741 85 86
742 46 32
743 73 14
744 96 22
745 6 37
746 75 30
747 86 42
748 87 31
749 16 69
750 76 87
751 74 95
752 38 33
753 64 4
754 95 30
755 89 23
756 17 51
757 37 94
758 76 55
759 100 84
760 56 40
761 10 37
762 47 24
763 87 89
764 28 43
765 83 76
766 36 98
767 82 83
768 68 41
769 43 52
770 24 95
771 70 2
772 25 54
773 40 52
774 92 18
775 51 15
776 96 94
777 3 59
778 92 71
779 90 20
780 85 48
781 69 71
782 52 85
783 4 87
784 40 25
785 39 47
786 55 52
787 31 70
788 87 11
789 52 77
790 53 18
791 88 85
792 91 92
793 32 8
794 73 19
795 51 79
796 55 83
797 21 62
798 31 23
799 46 20
800 88 29
801 17 85
802 96 44
803 96 77
804 14 52
805 4 37
806 58 94
807 67 14
808 9 89
809 38 32
810 56 54
811 98 19
812 91 80
813 25 1
814 25 42
815 39 70
816 50 81
817 27 11
818 21 68
819 79 85
820 93 58
821 94 65
822 30 41
823 55 50
824 43 33
825 25 6
826 25 3
827 32 83
828 85 35
829 2 65
830 41 14
831 15 93
832 96 97
833 96 34
834 93 35
835 83 68
836 50 14
837 100 88
838 42 100
839 58 9
840 7 47
841 43 77
842 0 60
843 9 60
844 18 13
845 46 19
846 32 18
847 63 61
848 43 23
849 99 89
850 15 97
851 49 58
852 53 93
853 74 82
854 5 96
855 32 49
856 14 89
857 48 37
858 90 49
859 19 81
860 77 66
861 45 44
862 80 9
863 98 96
864 34 4
865 80 35
866 8 2
867 76 83
868 53 76
869 36 20
870 93 28
871 30 13
872 86 47
873 66 85
874 89 48
875 86 14
876 63 72
877 23 94
878 73 52
879 16 68
880 79 59
881 18 65
882 24 87
883 40 4
884 74 79
885 79 15
886 42 25
887 37 44
888 9 3
889 38 17
890 52 45
891 40 86
892 14 84
893 13 62
894 48 67
895 93 3
896 73 36
897 90 86
898 30 98
899 10 84
900 54 86
901 90 66
902 28 18
903 47 96
904 52 84
905 19 69
906 15 26
907 11 39
908 100 94
909 47 88
910 36 86
911 55 29
912 65 7
913 1 84
914 94 1
915 86 66
916 24 52
917 53 74
918 80 26
919 37 19
920 12 51
921 92 3
922 19 36
923 70 32
924 95 6
925 66 10
926 32 45
927 70 100
928 74 54
929 40 21
930 79 79
931 40 72
932 35 94
933 63 79
934 82 76
935 21 0
936 75 68
937 54 51
938 28 62
939 66 53
940 81 100
941 17 98
942 8 45
943 13 6
944 15 13
945 98 63
946 18 46
947 9 75
948 48 11
949 55 46
950 41 3
951 9 79
952 20 93
953 22 57
954 32 43
955 55 69
956 70 21
957 90 81
958 10 6
959 97 85
960 69 31
961 100 66
962 20 39
963 95 27
964 36 32
965 38 19
966 72 77
967 96 26
968 59 66
969 3 37
970 10 4
971 69 54
972 21 27
973 2 95
974 10 33
975 72 33
976 50 24
977 65 35
978 26 76
979 56 94
980 7 74
981 85 93
982 52 37
983 7 69
984 91 82
985 51 78
986 22 38
987 27 2
988 84 82
989 2 13
990 82 2
991 82 21
992 55 78
993 74 80
994 62 7
995 47 36
996 67 1
997 19 86
998 91 95
