# N=999  D=45  Area=100
# id x y
0 50 50
1 4 59
2 53 53
3 86 55
4 37 0
5 13 35
6 62 64
7 30 22
8 56 17
9 12 66
10 20 71
11 78 50
12 89 57
13 26 80
14 83 68
15 23 66
16 100 49
17 48 75
18 17 99
19 12 2
20 77 44
21 66 21
22 34 89
23 75 2
24 8 93
25 13 50
26 61 87
27 81 92
28 28 21
29 9 48
30 60 66
31 52 90
32 29 74
33 92 38
34 41 97
35 0 80
36 88 29
37 3 36
38 80 18
39 22 87
40 18 83
41 46 30
42 75 0
43 85 63
44 29 34
45 77 58
46 47 6
47 66 28
48 68 33
49 25 95
50 97 10
51 70 73
52 97 32
53 39 99
54 18 54
55 17 29
56 59 91
57 96 48
58 14 86
59 94 52
60 32 54
61 22 20
62 20 13
63 8 47
64 16 62
65 54 54
66 88 25
67 94 68
68 60 35
69 89 43
70 66 61
71 34 50
72 85 21
73 43 79
74 29 86
75 54 87
76 87 75
77 42 96
78 60 26
79 83 37
80 94 98
81 48 87
82 97 87
83 72 4
84 33 91
85 88 22
86 44 63
87 72 14
88 33 13
89 9 46
90 58 86
91 95 40
92 77 55
93 36 10
94 14 23
95 16 47
96 68 24
97 98 48
98 69 13
99 91 99
100 12 61
101 69 30
102 12 83
103 7 41
104 22 13
105 97 21
106 27 52
107 6 26
108 71 96
109 6 93
110 9 85
111 65 57
112 92 60
113 97 28
114 58 47
115 10 12
116 74 58
117 87 95
118 89 24
119 83 69
120 4 44
121 12 86
122 66 55
123 13 86
124 60 30
125 84 1
126 93 48
127 64 36
128 94 19
129 22 38
130 45 91
131 84 33
132 88 99
133 25 83
134 81 89
135 22 95
136 73 52
137 91 36
138 47 82
139 1 8
140 40 36
141 68 97
142 99 43
143 44 81
144 26 14
145 86 5
146 15 6
147 0 72
148 80 52
149 25 69
150 84 34
151 3 74
152 78 5
153 96 79
154 84 5
155 100 57
156 91 71
157 15 57
158 68 89
159 86 74
160 15 26
161 44 59
162 19 8
163 10 29
164 67 43
165 63 50
166 26 59
167 30 75
168 6 61
169 36 69
170 13 90
171 99 84
172 75 33
173 40 64
174 8 42
175 21 78
176 93 64
177 90 65
178 92 71
179 8 96
180 8 4
181 95 34
182 20 60
183 80 91
184 97 96
185 97 23
186 74 37
187 31 0
188 4 14
189 68 74
190 95 6
191 15 69
192 10 32
193 56 53
194 96 28
195 28 94
196 12 48
197 36 82
198 60 91
199 64 98
200 31 53
201 48 94
202 69 87
203 83 46
204 18 41
205 74 69
206 2 73
207 48 86
208 95 53
209 10 63
210 6 38
211 58 76
212 100 30
213 81 63
214 32 23
215 92 24
216 82 83
217 18 80
218 57 46
219 74 28
220 53 35
221 53 27
222 26 17
223 61 33
224 59 51
225 58 30
226 66 57
227 24 89
228 1 27
229 60 57
230 47 80
231 23 84
232 65 3
233 51 76
234 90 50
235 23 19
236 65 64
237 25 33
238 70 98
239 73 35
240 81 33
241 86 2
242 31 45
243 29 18
244 95 47
245 93 60
246 33 97
247 27 72
248 35 0
249 6 18
250 31 33
251 38 9
252 55 85
253 72 95
254 48 58
255 85 37
256 11 84
257 1 83
258 3 67
259 21 79
260 57 15
261 33 65
262 54 34
263 65 63
264 46 4
265 55 96
266 27 73
267 75 31
268 82 42
269 21 85
270 12 33
271 16 98
272 60 68
273 68 99
274 22 0
275 81 43
276 25 8
277 62 40
278 86 45
279 19 62
280 35 99
281 28 67
282 26 7
283 55 52
284 22 34
285 47 62
286 60 3
287 1 99
288 21 40
289 63 84
290 65 9
291 86 60
292 80 16
293 21 0
294 51 98
295 38 64
296 43 27
297 95 86
298 43 32
299 96 40
300 39 33
301 14 42
302 68 14
303 62 36
304 15 59
305 100 61
306 54 81
307 42 34
308 3 26
309 35 28
310 1 15
311 16 31
312 82 37
313 32 74
314 56 30
315 1 17
316 43 60
317 52 3
318 13 16
319 89 48
320 34 45
321 11 7
322 76 12
323 77 6
324 96 36
325 66 12
326 7 77
327 33 41
328 29 55
329 63 11
330 23 50
331 71 10
332 33 59
333 33 98
334 89 63
335 61 74
336 61 51
337 31 59
338 66 33
339 29 78
340 90 46
341 72 60
342 56 54
343 84 9
344 43 49
345 84 85
346 44 96
347 13 98
348 81 87
349 12 4
350 93 2
351 76 88
352 63 74
353 15 88
354 40 81
355 56 27
356 45 84
357 22 94
358 97 16
359 29 57
360 71 49
361 51 40
362 30 87
363 28 65
364 90 56
365 99 55
366 7 28
367 91 20
368 77 40
369 80 14
370 22 81
371 23 93
372 54 39
373 70 51
374 25 11
375 71 69
376 88 97
377 47 54
378 26 68
379 94 64
380 24 20
381 92 34
382 24 98
383 27 77
384 19 73
385 47 71
386 58 63
387 39 37
388 19 60
389 76 57
390 91 49
391 33 69
392 74 12
393 11 38
394 24 81
395 24 99
396 31 42
397 74 19
398 1 20
399 45 94
400 66 16
401 42 46
402 89 3
403 49 91
404 25 18
405 74 24
406 35 88
407 11 69
408 58 81
409 51 62
410 58 69
411 65 69
412 72 0
413 29 89
414 52 7
415 73 66
416 27 30
417 81 16
418 19 82
419 79 70
420 68 5
421 47 94
422 60 2
423 73 75
424 2 47
425 84 80
426 72 58
427 79 0
428 91 75
429 42 63
430 31 76
431 2 37
432 86 75
433 86 9
434 21 88
435 2 3
436 34 0
437 27 33
438 69 31
439 65 55
440 45 47
441 15 98
442 74 31
443 1 76
444 69 74
445 85 99
446 45 73
447 68 12
448 16 53
449 12 6
450 40 16
451 62 24
452 44 32
453 15 38
454 13 73
455 35 77
456 59 86
457 97 26
458 27 64
459 41 48
460 32 26
461 65 43
462 100 93
463 34 2
464 68 91
465 57 33
466 44 21
467 26 82
468 66 67
469 17 75
470 92 23
471 94 78
472 87 71
473 94 0
474 81 22
475 8 0
476 39 5
477 78 24
478 32 77
479 14 46
480 23 75
481 47 96
482 60 62
483 20 79
484 13 15
485 28 89
486 45 96
487 77 10
488 23 46
489 60 25
490 44 76
491 28 38
492 7 33
493 61 99
494 16 21
495 41 61
496 0 23
497 21 37
498 4 7
499 38 93
500 84 46
501 62 92
502 60 86
503 35 42
504 6 87
505 7 9
506 21 83
507 88 82
508 36 9
509 54 89
510 7 69
511 22 47
512 7 24
513 53 98
514 75 53
515 45 53
516 70 87
517 42 1
518 96 31
519 31 5
520 60 55
521 23 39
522 7 48
523 97 42
524 42 85
525 73 93
526 8 1
527 95 78
528 100 60
529 20 75
530 79 83
531 8 70
532 98 13
533 4 3
534 63 49
535 54 69
536 84 40
537 46 42
538 30 45
539 65 41
540 12 46
541 100 35
542 4 31
543 51 7
544 13 46
545 60 7
546 48 56
547 21 12
548 93 20
549 7 51
550 4 99
551 59 9
552 40 93
553 46 15
554 89 70
555 94 96
556 84 25
557 4 76
558 31 95
559 5 33
560 90 33
561 15 71
562 21 5
563 94 61
564 35 41
565 84 30
566 51 84
567 69 14
568 65 54
569 16 55
570 64 52
571 45 30
572 56 83
573 14 53
574 70 9
575 27 68
576 83 65
577 71 39
578 76 36
579 49 39
580 84 50
581 11 20
582 80 10
583 83 84
584 68 59
585 77 78
586 71 15
587 31 78
588 44 2
589 10 82
590 55 93
591 57 26
592 86 97
593 89 20
594 28 39
595 79 81
596 61 19
597 19 97
598 30 7
599 0 43
600 86 26
601 12 0
602 64 75
603 0 44
604 100 58
605 60 67
606 41 53
607 78 69
608 41 40
609 75 11
610 82 21
611 64 80
612 19 20
613 73 62
614 100 29
615 40 73
616 26 70
617 50 78
618 13 96
619 44 55
620 71 36
621 8 87
622 16 100
623 96 62
624 57 71
625 94 27
626 52 73
627 10 77
628 97 67
629 72 68
630 70 10
631 68 27
632 54 52
633 26 13
634 12 10
635 45 86
636 64 19
637 91 81
638 51 14
639 52 72
640 79 44
641 18 48
642 26 38
643 79 73
644 17 82
645 58 99
646 64 0
647 18 69
648 100 92
649 5 86
650 84 26
651 91 92
652 24 2
653 60 85
654 66 49
655 10 17
656 62 21
657 83 23
658 36 90
659 98 67
660 3 83
661 50 86
662 100 46
663 27 3
664 9 58
665 82 10
666 74 73
667 99 40
668 28 40
669 15 75
670 74 56
671 68 81
672 84 87
673 73 31
674 41 17
675 44 15
676 16 28
677 67 2
678 71 97
679 76 87
680 53 100
681 14 54
682 61 58
683 29 100
684 81 27
685 56 10
686 26 22
687 61 43
688 44 4
689 57 58
690 6 77
691 18 43
692 10 43
693 60 95
694 97 82
695 69 47
696 68 93
697 23 85
698 96 96
699 97 37
700 27 99
701 46 94
702 99 1
703 4 47
704 96 46
705 71 8
706 36 35
707 18 28
708 72 26
709 51 48
710 52 11
711 28 3
712 51 19
713 30 20
714 41 43
715 85 86
716 23 5
717 5 96
718 48 71
719 21 17
720 93 36
721 25 71
722 90 32
723 16 87
724 57 6
725 4 16
726 57 87
727 29 37
728 32 72
729 45 50
730 21 27
731 68 95
732 26 52
733 28 100
734 36 64
735 93 54
736 17 38
737 67 68
738 63 78
739 75 56
740 21 6
741 0 89
742 74 14
743 25 36
744 73 51
745 73 80
746 85 81
747 11 12
748 20 47
749 25 84
750 22 9
751 71 6
752 17 83
753 65 100
754 83 19
755 91 90
756 23 100
757 72 24
758 13 45
759 96 0
760 67 11
761 6 60
762 84 95
763 26 15
764 2 63
765 16 34
766 13 36
767 38 46
768 13 40
769 6 24
770 18 9
771 73 21
772 76 44
773 49 38
774 20 95
775 92 48
776 14 61
777 78 49
778 37 68
779 42 72
780 4 96
781 76 63
782 24 77
783 25 41
784 69 46
785 8 31
786 34 75
787 49 74
788 47 64
789 99 80
790 60 1
791 87 39
792 22 56
793 73 95
794 85 56
795 76 55
796 96 67
797 74 5
798 74 59
799 6 81
800 52 18
801 44 65
802 43 57
803 64 100
804 11 41
805 17 41
806 100 41
807 89 56
808 23 83
809 5 78
810 75 44
811 87 70
812 20 67
813 88 7
814 28 72
815 35 39
816 40 46
817 95 20
818 75 95
819 88 15
820 45 60
821 88 47
822 79 47
823 27 7
824 64 44
825 35 49
826 55 40
827 41 89
828 6 75
829 92 18
830 10 48
831 4 26
832 30 60
833 93 40
834 71 43
835 68 78
836 92 5
837 0 34
838 7 1
839 9 7
840 92 51
841 4 61
842 85 93
843 91 97
844 37 76
845 37 71
846 33 48
847 19 57
848 40 52
849 53 44
850 63 53
851 87 65
852 77 28
853 9 8
854 73 99
855 24 44
856 41 85
857 61 59
858 33 96
859 22 88
860 5 7
861 33 22
862 54 55
863 99 68
864 75 16
865 94 32
866 42 47
867 62 31
868 20 30
869 57 13
870 80 72
871 54 67
872 99 46
873 53 38
874 42 29
875 35 68
876 70 40
877 42 86
878 68 1
879 98 28
880 3 55
881 84 91
882 17 46
883 3 96
884 83 32
885 67 26
886 92 11
887 11 15
888 80 48
889 17 67
890 37 21
891 58 96
892 73 61
893 89 62
894 59 50
895 7 61
896 91 44
897 45 55
898 5 87
899 4 94
900 79 95
901 76 62
902 69 52
903 14 22
904 12 68
905 8 92
906 53 13
907 23 96
908 42 78
909 69 59
910 69 42
911 43 88
912 25 20
913 85 13
914 38 48
915 61 98
916 78 90
917 92 27
918 10 68
919 87 47
920 30 24
921 48 82
922 78 70
923 57 65
924 83 74
925 64 1
926 49 1
927 8 65
928 42 35
929 26 65
930 21 47
931 98 40
932 70 57
933 89 64
934 50 55
935 52 82
936 27 92
937 15 87
938 50 95
939 22 44
940 93 98
941 8 89
942 33 0
943 33 19
944 7 13
945 29 49
946 100 7
947 4 84
948 56 42
949 56 87
950 8 29
951 98 99
952 63 62
953 71 61
954 31 54
955 57 64
956 47 49
957 82 44
958 38 70
959 38 66
960 97 22
961 27 82
962 9 45
963 64 95
964 80 49
965 51 56
966 14 71
967 63 45
968 9 51
969 18 74
970 45 87
971 68 84
972 32 71
973 2 72
974 52 19
975 31 29
976 97 88
977 37 28
978 58 100
979 35 14
980 30 76
981 79 86
982 37 67
983 0 73
984 29 81
985 61 49
986 23 91
987 42 60
988 77 90
989 39 6
990 59 100
991 8 35
992 6 35
993 99 10
994 4 68
995 29 17
996 66 44
997 52 42
998 31 47
