# N=999  D=30  Area=100
# id x y
0 50 50
1 6 13
2 84 91
3 20 81
4 26 6
5 58 83
6 88 44
7 9 22
8 25 74
9 23 33
10 68 97
11 65 59
12 51 21
13 26 27
14 32 42
15 45 16
16 86 19
17 97 33
18 83 2
19 8 0
20 54 37
21 81 89
22 90 69
23 52 87
24 58 61
25 12 6
26 5 34
27 10 16
28 65 3
29 56 55
30 86 39
31 91 29
32 46 78
33 66 7
34 2 74
35 68 71
36 72 62
37 77 60
38 4 43
39 32 82
40 2 97
41 11 33
42 56 8
43 49 84
44 84 54
45 61 19
46 97 72
47 19 19
48 29 81
49 1 90
50 46 89
51 62 98
52 22 49
53 69 83
54 6 86
55 23 96
56 67 44
57 77 27
58 93 89
59 69 85
60 79 64
61 18 86
62 36 71
63 5 72
64 97 57
65 32 11
66 85 71
67 14 88
68 59 2
69 53 93
70 76 45
71 89 75
72 95 84
73 98 22
74 97 80
75 32 7
76 80 42
77 53 44
78 0 19
79 91 76
80 47 31
81 2 84
82 81 29
83 13 11
84 10 13
85 63 99
86 59 22
87 6 11
88 0 11
89 38 14
90 82 71
91 60 26
92 74 59
93 49 28
94 42 6
95 96 36
96 9 62
97 27 56
98 87 100
99 35 13
100 41 89
101 70 13
102 61 69
103 83 40
104 90 24
105 32 51
106 71 61
107 53 16
108 33 32
109 72 57
110 15 78
111 24 85
112 10 84
113 60 9
114 47 42
115 89 22
116 34 84
117 56 68
118 58 64
119 1 22
120 80 85
121 12 8
122 87 26
123 64 89
124 31 85
125 31 13
126 33 69
127 9 40
128 66 68
129 65 28
130 34 20
131 89 34
132 13 12
133 100 74
134 67 73
135 1 95
136 81 49
137 70 36
138 62 94
139 59 66
140 98 83
141 45 36
142 92 13
143 83 13
144 66 96
145 25 72
146 78 16
147 65 87
148 5 67
149 12 97
150 23 34
151 29 93
152 10 10
153 37 78
154 28 81
155 97 92
156 7 40
157 50 60
158 90 14
159 19 100
160 75 54
161 34 10
162 69 54
163 70 91
164 0 22
165 31 7
166 83 25
167 93 23
168 77 69
169 88 84
170 47 10
171 33 99
172 7 8
173 65 21
174 79 93
175 55 38
176 42 54
177 85 59
178 7 95
179 94 73
180 62 66
181 82 60
182 28 36
183 44 54
184 37 71
185 20 90
186 42 59
187 70 46
188 79 49
189 4 49
190 46 15
191 52 62
192 21 34
193 20 53
194 24 27
195 98 31
196 88 50
197 60 33
198 67 49
199 49 85
200 16 39
201 64 28
202 94 78
203 44 37
204 38 11
205 10 20
206 2 59
207 65 67
208 96 8
209 34 43
210 59 75
211 72 60
212 56 10
213 78 92
214 26 77
215 93 32
216 14 24
217 62 50
218 60 21
219 77 68
220 27 72
221 30 33
222 76 69
223 63 60
224 48 20
225 20 27
226 23 53
227 98 19
228 68 32
229 55 40
230 10 27
231 8 18
232 73 68
233 6 34
234 95 38
235 36 94
236 69 24
237 33 23
238 70 53
239 98 11
240 92 30
241 40 24
242 84 44
243 57 23
244 24 51
245 96 42
246 69 72
247 82 96
248 97 9
249 56 27
250 48 56
251 6 55
252 81 20
253 84 89
254 19 20
255 38 61
256 23 4
257 69 64
258 100 4
259 72 73
260 95 83
261 71 11
262 32 12
263 64 77
264 95 7
265 89 31
266 68 85
267 5 78
268 95 33
269 58 63
270 33 58
271 55 86
272 93 75
273 77 39
274 61 20
275 3 24
276 60 10
277 65 19
278 4 70
279 50 38
280 41 44
281 58 73
282 31 57
283 45 65
284 90 89
285 55 16
286 77 37
287 12 81
288 98 1
289 10 93
290 0 97
291 4 31
292 46 32
293 97 12
294 9 34
295 78 2
296 21 99
297 41 18
298 18 29
299 63 30
300 59 69
301 28 34
302 91 96
303 31 88
304 50 48
305 14 81
306 66 94
307 24 11
308 7 14
309 32 53
310 91 14
311 29 60
312 2 42
313 36 57
314 72 69
315 26 56
316 45 99
317 47 26
318 27 18
319 17 4
320 38 55
321 39 8
322 5 32
323 30 4
324 86 15
325 93 71
326 57 70
327 36 51
328 33 12
329 46 30
330 26 88
331 52 45
332 42 0
333 68 52
334 96 87
335 22 15
336 77 51
337 62 47
338 51 22
339 37 44
340 43 37
341 89 18
342 6 79
343 25 20
344 63 9
345 3 80
346 9 31
347 14 47
348 23 69
349 76 91
350 97 66
351 2 12
352 30 15
353 48 92
354 51 54
355 43 31
356 35 38
357 84 59
358 13 41
359 88 58
360 6 0
361 15 25
362 28 69
363 74 69
364 5 24
365 20 37
366 2 75
367 78 83
368 11 60
369 58 91
370 54 87
371 50 26
372 5 55
373 99 50
374 27 0
375 65 61
376 67 94
377 85 81
378 14 70
379 39 87
380 49 68
381 86 55
382 82 68
383 17 8
384 61 90
385 36 4
386 70 83
387 37 33
388 88 31
389 92 52
390 86 77
391 86 45
392 41 2
393 87 3
394 78 69
395 94 28
396 46 38
397 25 2
398 22 24
399 82 56
400 64 78
401 24 39
402 76 29
403 82 6
404 63 70
405 50 65
406 40 69
407 47 59
408 66 85
409 2 25
410 54 84
411 33 95
412 71 56
413 83 16
414 81 99
415 90 6
416 47 72
417 98 53
418 85 66
419 22 41
420 87 17
421 32 33
422 55 93
423 34 69
424 15 94
425 20 20
426 20 99
427 87 57
428 45 55
429 31 14
430 33 73
431 99 56
432 52 3
433 89 1
434 72 34
435 59 27
436 32 73
437 94 27
438 7 90
439 31 42
440 83 24
441 6 90
442 24 14
443 89 23
444 66 75
445 45 34
446 5 17
447 15 28
448 94 3
449 51 50
450 47 56
451 63 1
452 7 99
453 36 49
454 87 23
455 16 97
456 28 63
457 58 28
458 28 84
459 41 22
460 28 85
461 34 97
462 58 2
463 90 22
464 15 83
465 91 58
466 54 71
467 96 55
468 80 97
469 6 54
470 61 26
471 11 12
472 69 6
473 48 48
474 82 42
475 54 76
476 67 86
477 23 72
478 100 16
479 95 48
480 95 62
481 2 69
482 7 20
483 59 47
484 4 28
485 43 52
486 61 2
487 38 27
488 43 100
489 65 94
490 25 86
491 41 80
492 89 81
493 85 10
494 99 48
495 85 38
496 85 97
497 75 60
498 37 7
499 66 22
500 95 37
501 90 2
502 85 91
503 3 58
504 27 96
505 5 37
506 77 33
507 50 59
508 90 87
509 63 94
510 80 24
511 44 23
512 73 58
513 4 95
514 23 74
515 36 79
516 33 15
517 90 82
518 81 33
519 55 97
520 29 73
521 0 6
522 46 87
523 81 86
524 11 27
525 3 14
526 82 34
527 97 43
528 38 2
529 75 59
530 65 18
531 64 49
532 91 86
533 15 42
534 95 79
535 26 26
536 89 69
537 63 25
538 74 55
539 91 68
540 37 3
541 5 53
542 48 78
543 94 9
544 16 27
545 84 98
546 91 60
547 84 29
548 15 24
549 56 6
550 92 69
551 6 42
552 93 55
553 86 9
554 7 9
555 74 51
556 67 5
557 24 16
558 19 79
559 11 84
560 31 17
561 18 24
562 76 3
563 23 1
564 30 45
565 93 63
566 65 80
567 90 55
568 42 1
569 48 68
570 81 32
571 26 90
572 34 7
573 25 65
574 46 20
575 74 5
576 55 64
577 92 55
578 41 12
579 15 100
580 19 0
581 25 12
582 21 29
583 86 38
584 4 24
585 64 13
586 8 7
587 96 73
588 57 48
589 99 35
590 28 1
591 31 65
592 96 16
593 59 40
594 62 70
595 12 1
596 52 77
597 25 80
598 9 66
599 10 28
600 61 16
601 28 16
602 79 32
603 72 54
604 37 39
605 42 45
606 41 60
607 82 58
608 59 95
609 67 18
610 7 83
611 74 39
612 53 61
613 96 99
614 16 31
615 42 61
616 1 48
617 12 4
618 70 51
619 80 1
620 45 73
621 77 58
622 39 40
623 27 69
624 92 100
625 76 44
626 95 24
627 3 37
628 51 88
629 91 3
630 99 78
631 87 37
632 81 53
633 92 57
634 79 92
635 89 26
636 2 15
637 54 92
638 68 39
639 68 83
640 37 90
641 35 33
642 30 84
643 47 82
644 15 8
645 0 66
646 88 66
647 19 95
648 50 16
649 59 50
650 81 81
651 96 66
652 63 34
653 66 47
654 11 92
655 16 89
656 46 58
657 48 32
658 64 37
659 70 18
660 17 64
661 74 38
662 46 45
663 9 24
664 36 98
665 49 82
666 23 80
667 44 78
668 47 96
669 49 9
670 97 98
671 39 45
672 20 59
673 100 61
674 7 11
675 68 29
676 3 43
677 52 17
678 77 95
679 95 19
680 57 26
681 39 95
682 41 99
683 33 52
684 75 94
685 69 53
686 23 62
687 32 13
688 74 86
689 72 76
690 7 4
691 66 30
692 45 61
693 5 59
694 20 25
695 64 39
696 57 66
697 90 11
698 91 2
699 30 17
700 3 48
701 94 0
702 47 25
703 53 23
704 36 26
705 4 60
706 27 85
707 98 10
708 3 55
709 23 14
710 86 64
711 6 58
712 62 20
713 17 74
714 31 89
715 39 85
716 9 19
717 73 3
718 36 2
719 41 97
720 5 93
721 37 65
722 93 9
723 35 89
724 76 18
725 47 64
726 97 59
727 78 26
728 31 83
729 90 64
730 94 56
731 12 54
732 37 75
733 75 35
734 49 6
735 16 40
736 37 86
737 68 80
738 33 30
739 85 63
740 39 56
741 26 19
742 19 81
743 53 97
744 78 11
745 46 12
746 61 3
747 55 13
748 1 5
749 43 92
750 20 19
751 61 93
752 47 83
753 19 40
754 100 94
755 100 34
756 25 93
757 74 47
758 89 59
759 52 43
760 8 96
761 4 100
762 12 38
763 98 38
764 68 99
765 32 65
766 25 17
767 68 88
768 85 15
769 94 79
770 73 97
771 80 51
772 7 69
773 71 29
774 48 58
775 26 68
776 43 67
777 21 1
778 20 69
779 59 88
780 41 8
781 32 26
782 29 85
783 19 60
784 27 40
785 71 93
786 83 3
787 64 52
788 76 86
789 10 41
790 64 18
791 93 96
792 77 48
793 2 7
794 74 42
795 40 3
796 29 68
797 9 4
798 88 73
799 36 65
800 34 56
801 48 64
802 23 76
803 18 60
804 0 12
805 1 77
806 56 71
807 31 72
808 19 61
809 31 46
810 35 20
811 71 0
812 87 68
813 50 12
814 66 12
815 44 75
816 46 34
817 65 72
818 51 68
819 17 84
820 75 64
821 16 15
822 58 12
823 16 13
824 21 40
825 31 19
826 30 29
827 35 57
828 57 76
829 29 33
830 2 14
831 69 15
832 54 68
833 44 9
834 94 50
835 10 75
836 51 61
837 56 1
838 94 17
839 29 2
840 86 58
841 41 100
842 88 89
843 4 87
844 52 72
845 34 35
846 3 79
847 48 90
848 33 24
849 35 91
850 94 69
851 32 24
852 9 5
853 49 77
854 16 42
855 0 81
856 91 56
857 32 37
858 60 58
859 30 28
860 78 29
861 70 68
862 98 87
863 32 19
864 69 48
865 64 87
866 38 4
867 6 49
868 68 65
869 22 98
870 49 72
871 81 98
872 43 69
873 46 71
874 67 56
875 90 1
876 3 91
877 0 43
878 10 94
879 93 56
880 75 86
881 1 47
882 68 20
883 34 33
884 38 94
885 67 33
886 75 3
887 84 23
888 67 3
889 12 18
890 42 64
891 31 74
892 88 38
893 23 29
894 86 72
895 14 7
896 51 4
897 12 25
898 67 84
899 94 76
900 74 9
901 30 34
902 100 70
903 71 41
904 68 58
905 53 50
906 94 54
907 87 99
908 7 89
909 27 34
910 58 47
911 73 74
912 9 94
913 76 63
914 26 22
915 18 32
916 99 40
917 99 55
918 66 98
919 45 80
920 23 5
921 89 64
922 50 32
923 63 31
924 59 83
925 74 41
926 81 90
927 41 83
928 56 100
929 42 3
930 40 20
931 18 47
932 98 81
933 95 98
934 16 30
935 72 6
936 30 6
937 46 18
938 28 59
939 92 91
940 70 58
941 28 87
942 48 75
943 18 99
944 24 1
945 51 5
946 61 50
947 58 41
948 78 22
949 93 57
950 39 48
951 10 39
952 89 100
953 34 81
954 31 66
955 8 14
956 38 17
957 27 41
958 37 45
959 27 1
960 7 46
961 79 17
962 67 22
963 17 23
964 76 89
965 46 31
966 87 24
967 5 65
968 38 29
969 7 30
970 24 77
971 34 16
972 43 40
973 28 72
974 17 70
975 0 70
976 17 50
977 9 68
978 29 84
979 70 8
980 57 85
981 73 2
982 82 1
983 92 6
984 41 53
985 82 78
986 10 30
987 42 23
988 47 93
989 56 25
990 68 28
991 83 99
992 70 42
993 74 49
994 43 49
995 29 18
996 26 86
997 6 67
998 39 17
