# N=999  D=30  Area=100
# id x y
0 50 50
1 79 76
2 68 94
3 71 33
4 37 20
5 75 40
6 81 12
7 26 79
8 28 10
9 32 35
10 30 56
11 60 83
12 78 4
13 83 84
14 30 84
15 80 78
16 97 74
17 38 32
18 54 33
19 42 69
20 17 79
21 66 79
22 65 23
23 57 42
24 100 44
25 34 68
26 78 100
27 94 91
28 53 93
29 81 97
30 43 79
31 69 99
32 58 76
33 33 86
34 96 40
35 48 49
36 40 77
37 71 39
38 34 88
39 63 2
40 69 45
41 16 35
42 13 8
43 100 88
44 72 27
45 75 32
46 74 95
47 0 26
48 45 47
49 43 57
50 6 68
51 25 59
52 71 4
53 62 93
54 6 36
55 37 65
56 46 77
57 69 51
58 10 84
59 47 30
60 91 99
61 43 98
62 51 16
63 71 85
64 64 6
65 65 38
66 86 15
67 95 4
68 34 27
69 9 70
70 68 41
71 52 91
72 78 92
73 80 29
74 54 57
75 29 84
76 5 87
77 59 51
78 93 82
79 76 7
80 26 75
81 83 28
82 13 36
83 13 77
84 3 53
85 44 16
86 14 20
87 19 25
88 94 46
89 82 13
90 36 67
91 63 93
92 18 42
93 51 9
94 92 37
95 90 30
96 61 6
97 19 29
98 95 40
99 54 58
100 97 83
101 0 54
102 17 75
103 12 12
104 62 43
105 84 4
106 60 36
107 91 6
108 75 81
109 67 72
110 82 96
111 21 66
112 42 58
113 41 26
114 1 44
115 86 64
116 100 93
117 21 49
118 40 46
119 37 90
120 32 22
121 18 32
122 57 55
123 86 17
124 60 11
125 40 71
126 37 29
127 44 73
128 85 8
129 68 72
130 26 82
131 26 43
132 14 89
133 63 79
134 16 19
135 8 69
136 83 69
137 27 73
138 17 11
139 3 64
140 23 70
141 86 14
142 84 76
143 46 25
144 62 20
145 40 61
146 42 81
147 8 92
148 87 12
149 5 13
150 24 79
151 34 22
152 2 27
153 85 97
154 18 10
155 8 39
156 13 64
157 73 43
158 85 87
159 92 58
160 17 27
161 26 78
162 73 98
163 26 46
164 85 81
165 84 71
166 17 19
167 67 22
168 36 63
169 30 39
170 25 63
171 85 74
172 53 6
173 66 58
174 32 15
175 5 78
176 58 32
177 69 28
178 96 79
179 90 32
180 11 53
181 59 36
182 52 77
183 56 18
184 86 13
185 27 52
186 94 60
187 38 100
188 94 36
189 12 13
190 52 70
191 77 15
192 26 96
193 49 86
194 36 97
195 19 66
196 6 65
197 77 54
198 43 77
199 84 55
200 44 78
201 74 15
202 0 25
203 42 35
204 46 33
205 79 17
206 11 46
207 93 57
208 40 27
209 19 44
210 53 98
211 49 17
212 33 88
213 32 64
214 23 51
215 64 73
216 34 12
217 93 84
218 7 30
219 83 65
220 36 93
221 16 61
222 98 11
223 50 40
224 0 37
225 62 16
226 46 83
227 81 39
228 75 53
229 18 66
230 92 77
231 22 79
232 77 35
233 80 69
234 60 85
235 13 37
236 60 88
237 57 100
238 36 19
239 39 33
240 3 3
241 63 56
242 70 23
243 59 87
244 33 83
245 75 22
246 68 30
247 5 54
248 73 82
249 52 11
250 97 41
251 36 12
252 98 86
253 59 6
254 66 80
255 71 48
256 43 88
257 3 88
258 25 0
259 77 60
260 80 73
261 45 98
262 50 19
263 86 75
264 91 72
265 16 98
266 80 23
267 38 71
268 48 60
269 1 11
270 42 68
271 72 20
272 20 15
273 7 9
274 75 14
275 5 15
276 7 46
277 89 2
278 3 17
279 67 76
280 27 54
281 74 18
282 30 44
283 42 1
284 36 10
285 94 8
286 76 5
287 43 90
288 9 77
289 50 97
290 64 92
291 1 74
292 90 11
293 71 98
294 94 92
295 92 59
296 27 83
297 55 6
298 78 72
299 65 98
300 13 40
301 6 75
302 41 93
303 37 18
304 100 96
305 74 11
306 36 95
307 29 87
308 59 78
309 8 36
310 86 76
311 6 45
312 1 83
313 85 36
314 34 13
315 29 83
316 72 81
317 95 30
318 54 7
319 10 78
320 4 92
321 59 91
322 90 9
323 16 20
324 25 49
325 9 16
326 75 96
327 42 21
328 53 35
329 37 86
330 53 8
331 42 16
332 35 51
333 28 42
334 88 41
335 35 54
336 91 66
337 83 27
338 78 94
339 18 79
340 3 67
341 48 52
342 16 81
343 10 4
344 43 100
345 20 54
346 71 7
347 13 80
348 44 74
349 22 73
350 29 6
351 90 83
352 40 89
353 56 38
354 81 76
355 47 41
356 23 65
357 24 9
358 57 83
359 9 87
360 30 1
361 38 65
362 2 31
363 48 18
364 22 67
365 41 69
366 52 78
367 80 60
368 54 35
369 0 68
370 51 46
371 20 30
372 17 92
373 48 72
374 23 60
375 87 18
376 13 46
377 43 42
378 18 38
379 59 80
380 78 25
381 4 89
382 81 19
383 96 14
384 25 18
385 34 91
386 30 48
387 45 1
388 68 35
389 13 0
390 58 72
391 0 45
392 25 64
393 0 20
394 11 3
395 70 74
396 38 4
397 2 38
398 20 12
399 84 95
400 26 22
401 78 85
402 80 16
403 99 29
404 35 52
405 62 52
406 56 98
407 75 50
408 76 96
409 8 89
410 95 2
411 12 53
412 49 78
413 50 63
414 17 56
415 91 5
416 8 64
417 46 62
418 50 92
419 57 13
420 19 84
421 82 61
422 59 65
423 68 56
424 76 40
425 35 26
426 33 30
427 29 31
428 37 79
429 18 100
430 14 43
431 9 35
432 43 14
433 67 68
434 96 75
435 1 58
436 58 65
437 57 93
438 69 97
439 31 17
440 37 84
441 19 92
442 31 3
443 30 61
444 66 65
445 28 82
446 98 1
447 36 60
448 87 94
449 49 76
450 7 66
451 12 69
452 37 64
453 50 51
454 68 53
455 86 25
456 84 63
457 40 60
458 55 25
459 66 54
460 75 71
461 9 49
462 67 86
463 83 96
464 8 86
465 99 9
466 12 93
467 14 92
468 45 6
469 68 47
470 90 74
471 92 31
472 31 4
473 81 1
474 32 85
475 71 44
476 85 20
477 71 76
478 78 23
479 28 35
480 73 90
481 68 34
482 19 69
483 89 6
484 36 100
485 32 10
486 69 100
487 21 81
488 72 90
489 1 63
490 30 27
491 21 99
492 63 37
493 38 25
494 93 15
495 71 14
496 88 61
497 10 30
498 3 65
499 40 38
500 5 66
501 89 45
502 0 56
503 14 14
504 23 54
505 85 27
506 38 44
507 96 96
508 14 48
509 63 84
510 41 22
511 23 48
512 18 96
513 87 29
514 64 13
515 31 9
516 99 38
517 79 24
518 60 14
519 70 21
520 98 20
521 49 21
522 71 89
523 61 99
524 42 87
525 68 75
526 88 56
527 52 3
528 20 34
529 2 99
530 3 69
531 11 15
532 89 7
533 44 35
534 0 24
535 54 92
536 75 100
537 45 51
538 97 7
539 75 59
540 42 97
541 12 22
542 55 67
543 88 58
544 10 100
545 21 75
546 86 84
547 45 34
548 70 83
549 13 82
550 35 27
551 100 59
552 3 100
553 86 98
554 27 19
555 87 75
556 29 1
557 64 79
558 36 82
559 100 68
560 24 55
561 22 27
562 80 9
563 37 69
564 56 5
565 88 28
566 41 61
567 28 83
568 15 85
569 67 29
570 10 6
571 73 99
572 63 47
573 78 90
574 66 57
575 12 95
576 26 41
577 47 84
578 73 74
579 5 11
580 11 47
581 85 100
582 15 35
583 12 20
584 1 10
585 81 52
586 10 73
587 40 14
588 58 71
589 19 80
590 89 87
591 31 25
592 7 36
593 19 54
594 58 53
595 26 3
596 51 74
597 70 49
598 54 63
599 100 8
600 34 69
601 24 11
602 29 99
603 27 22
604 35 94
605 46 91
606 5 27
607 52 41
608 41 46
609 59 17
610 40 29
611 62 45
612 30 31
613 49 96
614 56 22
615 70 58
616 7 78
617 20 89
618 56 41
619 79 34
620 24 4
621 48 31
622 23 16
623 69 61
624 97 80
625 68 97
626 61 90
627 71 32
628 51 57
629 33 21
630 45 67
631 86 59
632 61 82
633 69 6
634 34 71
635 83 75
636 79 11
637 98 7
638 72 85
639 65 43
640 53 22
641 3 25
642 25 10
643 51 98
644 27 27
645 37 98
646 68 76
647 49 41
648 72 82
649 21 41
650 10 20
651 59 76
652 16 100
653 94 85
654 67 98
655 49 52
656 12 32
657 55 36
658 59 8
659 63 24
660 68 69
661 85 45
662 69 93
663 70 98
664 83 50
665 15 58
666 86 30
667 54 21
668 29 75
669 36 27
670 70 16
671 80 32
672 80 53
673 50 66
674 10 86
675 34 45
676 19 59
677 89 39
678 79 75
679 64 37
680 23 74
681 56 29
682 92 91
683 47 68
684 85 0
685 43 43
686 63 10
687 90 15
688 81 10
689 9 31
690 65 55
691 92 20
692 100 12
693 36 18
694 16 2
695 45 39
696 59 75
697 33 2
698 84 7
699 12 39
700 54 46
701 44 20
702 74 63
703 86 87
704 56 36
705 38 8
706 63 6
707 71 59
708 71 28
709 85 73
710 0 58
711 55 23
712 61 79
713 4 26
714 15 18
715 74 55
716 69 10
717 44 32
718 28 51
719 60 10
720 35 85
721 13 86
722 75 48
723 98 66
724 79 33
725 30 58
726 99 65
727 31 10
728 94 5
729 17 93
730 67 47
731 12 26
732 86 53
733 59 96
734 36 52
735 38 96
736 26 71
737 70 3
738 53 29
739 74 74
740 22 69
741 1 87
742 93 76
743 47 19
744 4 80
745 100 73
746 65 75
747 96 81
748 59 98
749 47 78
750 94 57
751 8 67
752 75 31
753 86 77
754 97 27
755 28 61
756 3 95
757 54 18
758 52 94
759 71 27
760 93 34
761 21 36
762 60 18
763 84 48
764 38 28
765 54 28
766 64 46
767 38 47
768 73 57
769 41 64
770 61 77
771 85 6
772 91 68
773 97 34
774 63 73
775 24 87
776 42 15
777 99 11
778 100 11
779 69 78
780 8 3
781 42 95
782 32 74
783 52 9
784 38 55
785 56 74
786 47 81
787 16 67
788 89 61
789 91 64
790 73 9
791 33 75
792 95 11
793 56 84
794 29 35
795 20 37
796 52 34
797 56 2
798 40 40
799 35 62
800 38 82
801 57 24
802 26 23
803 51 44
804 45 100
805 46 30
806 9 90
807 48 88
808 19 79
809 89 66
810 61 11
811 35 75
812 52 43
813 57 71
814 100 40
815 20 20
816 40 57
817 66 97
818 64 36
819 78 54
820 98 49
821 68 99
822 45 58
823 5 40
824 56 92
825 69 16
826 4 16
827 14 22
828 78 26
829 96 70
830 63 34
831 13 44
832 90 36
833 26 47
834 84 70
835 2 51
836 55 45
837 51 24
838 53 14
839 48 78
840 2 60
841 81 55
842 42 63
843 89 95
844 57 19
845 46 96
846 100 74
847 80 34
848 69 33
849 32 32
850 49 19
851 62 38
852 77 46
853 82 94
854 22 92
855 37 68
856 53 57
857 92 16
858 40 88
859 72 14
860 56 11
861 44 45
862 82 65
863 35 72
864 42 36
865 77 31
866 69 84
867 74 81
868 40 91
869 67 39
870 82 10
871 96 94
872 88 94
873 51 3
874 12 50
875 38 90
876 75 66
877 10 39
878 3 7
879 90 46
880 19 78
881 38 57
882 45 14
883 31 26
884 13 61
885 72 7
886 13 69
887 16 70
888 87 72
889 9 33
890 32 81
891 70 33
892 71 19
893 5 99
894 98 38
895 46 85
896 14 81
897 81 35
898 73 56
899 94 51
900 19 49
901 43 0
902 87 67
903 97 45
904 25 5
905 43 85
906 58 49
907 96 44
908 47 37
909 78 35
910 58 95
911 54 44
912 27 60
913 39 40
914 17 33
915 4 85
916 37 7
917 66 59
918 78 28
919 25 7
920 52 55
921 7 27
922 14 68
923 51 81
924 76 100
925 94 1
926 80 45
927 100 83
928 61 53
929 39 14
930 6 59
931 32 55
932 73 78
933 57 53
934 70 79
935 21 72
936 53 68
937 61 58
938 98 41
939 12 41
940 56 39
941 26 65
942 18 4
943 67 52
944 22 94
945 15 84
946 48 96
947 64 58
948 65 29
949 70 93
950 78 31
951 35 91
952 55 12
953 7 49
954 18 34
955 70 9
956 89 0
957 62 76
958 90 65
959 72 78
960 76 34
961 28 33
962 34 98
963 22 21
964 83 58
965 39 96
966 27 58
967 26 13
968 33 35
969 18 30
970 42 59
971 41 83
972 7 39
973 91 50
974 25 16
975 72 48
976 31 68
977 22 74
978 73 42
979 18 54
980 15 10
981 2 52
982 28 64
983 23 93
984 8 11
985 51 49
986 6 41
987 82 43
988 10 21
989 53 13
990 16 24
991 47 57
992 41 63
993 74 97
994 90 66
995 64 22
996 4 50
997 17 43
998 52 73
