# N=999  D=30  Area=100
# id x y
0 50 50
1 92 36
2 61 64
3 42 15
4 79 93
5 93 56
6 59 39
7 18 4
8 11 97
9 10 59
10 51 4
11 18 32
12 35 91
13 97 86
14 62 73
15 23 14
16 30 49
17 94 67
18 32 35
19 85 33
20 73 69
21 36 67
22 96 51
23 5 78
24 11 35
25 58 22
26 3 12
27 32 85
28 57 29
29 93 58
30 80 38
31 47 5
32 42 18
33 37 1
34 68 78
35 44 42
36 76 27
37 51 91
38 12 71
39 5 20
40 20 91
41 1 60
42 56 89
43 28 52
44 94 41
45 96 5
46 32 64
47 82 18
48 51 72
49 9 77
50 36 57
51 71 38
52 36 93
53 62 52
54 70 12
55 72 54
56 44 15
57 25 41
58 86 15
59 58 85
60 46 84
61 43 62
62 71 5
63 100 40
64 80 97
65 100 88
66 4 44
67 16 48
68 83 92
69 78 89
70 54 51
71 56 4
72 39 35
73 52 80
74 73 8
75 84 22
76 15 77
77 13 21
78 58 26
79 26 43
80 82 14
81 1 30
82 90 95
83 66 16
84 11 82
85 33 13
86 54 82
87 58 47
88 22 30
89 32 82
90 2 60
91 32 15
92 62 49
93 61 56
94 79 69
95 6 27
96 40 88
97 95 31
98 55 93
99 89 4
100 57 90
101 94 60
102 85 81
103 68 90
104 31 52
105 23 69
106 38 72
107 94 88
108 83 13
109 98 77
110 68 87
111 91 78
112 53 29
113 67 60
114 8 39
115 88 57
116 40 74
117 14 98
118 34 10
119 18 99
120 29 74
121 57 32
122 37 99
123 95 53
124 81 31
125 2 90
126 51 83
127 56 55
128 80 42
129 67 56
130 95 38
131 73 29
132 81 34
133 38 9
134 24 78
135 60 30
136 76 23
137 67 73
138 57 74
139 45 2
140 94 81
141 44 66
142 43 54
143 15 20
144 4 63
145 42 68
146 87 66
147 63 88
148 11 33
149 22 55
150 13 31
151 33 66
152 42 63
153 13 56
154 4 46
155 84 17
156 54 2
157 46 9
158 49 48
159 100 65
160 15 99
161 73 5
162 80 17
163 54 33
164 85 16
165 94 71
166 66 73
167 28 11
168 61 20
169 48 28
170 34 48
171 94 97
172 62 60
173 58 23
174 75 21
175 85 50
176 70 40
177 1 43
178 35 25
179 89 8
180 68 5
181 82 15
182 84 63
183 97 36
184 25 75
185 77 32
186 80 3
187 12 66
188 5 32
189 69 41
190 85 23
191 17 66
192 63 55
193 50 70
194 20 73
195 61 79
196 72 85
197 99 12
198 32 52
199 17 77
200 65 64
201 55 10
202 70 34
203 26 2
204 81 38
205 75 10
206 80 55
207 34 0
208 50 98
209 42 75
210 89 91
211 78 31
212 44 12
213 38 6
214 55 26
215 29 81
216 62 20
217 26 26
218 60 80
219 98 76
220 4 65
221 56 24
222 30 36
223 77 39
224 85 99
225 60 58
226 32 47
227 47 41
228 16 87
229 51 42
230 69 73
231 91 2
232 44 70
233 64 17
234 80 47
235 64 16
236 8 28
237 76 94
238 49 89
239 67 53
240 40 79
241 90 29
242 54 90
243 45 13
244 51 28
245 0 12
246 51 16
247 47 37
248 60 8
249 37 6
250 0 78
251 63 46
252 22 11
253 33 70
254 32 33
255 26 53
256 62 39
257 84 91
258 74 7
259 87 11
260 46 82
261 42 59
262 95 73
263 44 69
264 52 68
265 19 37
266 50 90
267 53 73
268 79 72
269 26 90
270 21 29
271 91 59
272 44 77
273 41 96
274 11 87
275 64 43
276 28 99
277 59 49
278 12 98
279 37 76
280 26 41
281 9 12
282 44 71
283 81 79
284 80 64
285 76 56
286 1 40
287 48 59
288 10 25
289 94 46
290 3 92
291 30 56
292 5 86
293 86 77
294 11 51
295 33 60
296 9 48
297 31 4
298 70 46
299 53 61
300 2 25
301 67 44
302 15 41
303 51 99
304 74 6
305 30 88
306 33 27
307 0 28
308 48 44
309 16 90
310 99 1
311 100 81
312 83 90
313 46 59
314 48 94
315 24 95
316 80 26
317 55 58
318 53 99
319 71 21
320 29 62
321 18 49
322 26 83
323 17 53
324 77 51
325 38 10
326 24 79
327 98 12
328 1 15
329 72 44
330 85 8
331 74 5
332 51 5
333 89 58
334 97 67
335 52 42
336 80 23
337 61 17
338 41 79
339 30 77
340 1 96
341 13 81
342 71 46
343 83 2
344 90 73
345 91 87
346 64 89
347 22 42
348 48 66
349 69 87
350 97 99
351 46 1
352 94 6
353 3 52
354 17 51
355 99 59
356 55 35
357 28 33
358 95 2
359 13 52
360 91 82
361 25 9
362 51 78
363 0 85
364 4 60
365 86 90
366 49 23
367 3 38
368 30 38
369 16 31
370 78 93
371 30 53
372 10 88
373 13 82
374 69 69
375 92 95
376 26 92
377 2 87
378 95 72
379 48 49
380 20 56
381 63 47
382 100 78
383 76 90
384 72 71
385 2 59
386 43 40
387 53 32
388 78 39
389 48 48
390 41 81
391 41 94
392 31 45
393 1 98
394 37 46
395 100 90
396 4 31
397 2 26
398 83 74
399 27 33
400 79 30
401 53 13
402 57 75
403 71 54
404 71 23
405 43 26
406 44 45
407 95 86
408 3 47
409 13 2
410 13 41
411 87 7
412 38 74
413 52 64
414 50 18
415 23 64
416 23 29
417 45 73
418 8 15
419 37 11
420 30 8
421 50 22
422 62 32
423 93 92
424 11 83
425 26 55
426 65 97
427 87 13
428 87 35
429 5 99
430 4 82
431 37 21
432 83 1
433 25 59
434 30 93
435 14 0
436 51 18
437 61 38
438 85 0
439 30 84
440 70 45
441 98 100
442 11 54
443 0 31
444 38 100
445 80 6
446 84 47
447 0 14
448 59 99
449 55 84
450 75 49
451 68 79
452 4 24
453 55 42
454 74 77
455 21 20
456 2 22
457 28 92
458 44 51
459 17 63
460 49 20
461 20 92
462 95 46
463 36 6
464 22 21
465 54 66
466 36 31
467 50 89
468 70 54
469 37 65
470 32 61
471 66 86
472 54 45
473 56 91
474 89 54
475 45 39
476 48 12
477 63 33
478 81 68
479 22 13
480 11 13
481 78 43
482 94 39
483 67 72
484 63 7
485 1 64
486 98 38
487 95 95
488 52 21
489 9 44
490 97 87
491 95 32
492 58 8
493 45 6
494 79 31
495 69 50
496 57 92
497 30 14
498 42 55
499 47 52
500 65 5
501 3 35
502 8 31
503 85 68
504 11 17
505 66 66
506 14 99
507 60 0
508 68 88
509 92 32
510 28 20
511 79 21
512 18 24
513 52 84
514 62 28
515 13 39
516 46 27
517 67 69
518 77 26
519 50 55
520 12 99
521 27 74
522 70 5
523 71 69
524 50 44
525 24 41
526 6 73
527 25 89
528 45 61
529 10 4
530 98 78
531 70 17
532 60 54
533 15 21
534 0 4
535 56 90
536 24 64
537 23 75
538 3 2
539 41 45
540 46 98
541 97 25
542 90 60
543 94 59
544 97 13
545 24 45
546 82 91
547 98 24
548 38 86
549 55 3
550 20 71
551 22 18
552 92 55
553 62 92
554 38 39
555 93 27
556 56 96
557 56 73
558 55 19
559 94 100
560 85 72
561 8 48
562 69 55
563 87 57
564 100 14
565 41 26
566 92 23
567 42 99
568 33 94
569 13 64
570 33 86
571 33 48
572 44 31
573 10 36
574 67 93
575 24 73
576 2 74
577 19 99
578 31 78
579 29 11
580 89 87
581 78 56
582 65 34
583 19 2
584 82 35
585 78 67
586 44 44
587 2 99
588 38 34
589 64 97
590 24 27
591 15 80
592 20 80
593 22 59
594 69 42
595 5 31
596 52 99
597 67 5
598 59 40
599 6 59
600 100 32
601 2 64
602 59 92
603 61 97
604 77 43
605 54 77
606 99 27
607 90 4
608 67 33
609 99 92
610 12 23
611 16 34
612 73 7
613 6 46
614 18 0
615 77 97
616 72 11
617 20 76
618 61 12
619 3 57
620 26 8
621 48 89
622 49 33
623 92 91
624 9 75
625 89 81
626 95 14
627 87 89
628 12 8
629 37 64
630 7 63
631 27 81
632 99 53
633 70 1
634 55 44
635 96 52
636 97 18
637 34 59
638 60 86
639 51 82
640 63 85
641 67 74
642 97 60
643 77 12
644 58 63
645 25 67
646 100 1
647 11 88
648 69 79
649 8 71
650 7 71
651 12 80
652 58 66
653 84 49
654 71 45
655 6 87
656 17 83
657 7 61
658 68 30
659 46 53
660 35 22
661 9 68
662 2 36
663 29 0
664 29 61
665 4 37
666 55 87
667 21 100
668 47 34
669 81 11
670 88 88
671 64 11
672 2 9
673 79 83
674 65 28
675 61 26
676 72 100
677 58 72
678 36 84
679 66 76
680 16 17
681 69 49
682 19 93
683 19 54
684 14 21
685 27 14
686 93 14
687 8 93
688 99 11
689 23 85
690 8 34
691 93 21
692 55 25
693 60 22
694 30 90
695 15 0
696 90 18
697 23 45
698 57 48
699 88 8
700 95 66
701 40 25
702 38 3
703 23 34
704 78 91
705 18 92
706 97 31
707 64 47
708 85 19
709 4 2
710 82 3
711 95 33
712 27 19
713 37 68
714 23 91
715 25 50
716 16 56
717 96 50
718 85 53
719 3 46
720 1 99
721 28 95
722 60 53
723 10 99
724 46 79
725 42 65
726 12 65
727 55 34
728 87 54
729 71 75
730 78 6
731 18 37
732 1 35
733 4 90
734 35 65
735 66 79
736 6 39
737 43 84
738 57 41
739 61 85
740 93 61
741 100 43
742 42 45
743 58 51
744 4 95
745 47 2
746 91 33
747 72 58
748 16 18
749 16 73
750 44 85
751 47 76
752 58 76
753 60 88
754 54 26
755 23 30
756 0 7
757 26 28
758 8 91
759 27 57
760 57 34
761 0 18
762 81 92
763 83 3
764 60 79
765 9 71
766 64 71
767 67 82
768 15 13
769 84 0
770 7 92
771 90 27
772 57 36
773 81 59
774 84 90
775 24 28
776 86 49
777 27 55
778 70 7
779 60 4
780 65 70
781 80 51
782 2 5
783 0 51
784 63 51
785 37 55
786 84 88
787 12 95
788 0 40
789 54 34
790 48 19
791 66 98
792 40 56
793 28 60
794 1 21
795 34 52
796 6 77
797 54 29
798 34 76
799 4 26
800 57 85
801 54 39
802 40 99
803 77 34
804 42 56
805 5 88
806 36 95
807 77 98
808 90 16
809 41 85
810 36 76
811 1 14
812 40 11
813 57 99
814 64 62
815 78 52
816 5 93
817 38 0
818 47 40
819 55 36
820 62 23
821 69 1
822 19 50
823 78 77
824 18 78
825 0 44
826 99 67
827 61 39
828 95 59
829 47 83
830 3 85
831 60 70
832 13 58
833 52 89
834 31 79
835 63 4
836 38 82
837 45 80
838 73 38
839 13 96
840 67 91
841 20 20
842 78 92
843 97 98
844 57 82
845 22 50
846 43 82
847 82 7
848 13 37
849 53 4
850 50 86
851 21 34
852 8 80
853 42 80
854 92 12
855 40 70
856 10 70
857 100 22
858 96 44
859 73 28
860 91 7
861 45 11
862 26 78
863 8 25
864 66 20
865 23 18
866 31 24
867 12 67
868 12 88
869 69 88
870 35 59
871 96 98
872 85 58
873 3 28
874 49 45
875 53 67
876 52 28
877 99 18
878 41 88
879 65 25
880 25 63
881 86 56
882 96 30
883 67 79
884 16 19
885 26 49
886 41 3
887 71 0
888 66 10
889 70 55
890 0 46
891 32 17
892 38 25
893 33 47
894 83 52
895 41 23
896 47 24
897 6 38
898 90 33
899 78 41
900 73 26
901 43 56
902 57 97
903 7 13
904 82 43
905 72 12
906 74 30
907 43 30
908 92 86
909 26 72
910 73 45
911 38 73
912 88 84
913 48 52
914 8 54
915 24 6
916 26 59
917 43 72
918 40 40
919 68 84
920 77 88
921 75 46
922 69 25
923 65 53
924 24 92
925 27 20
926 62 6
927 21 49
928 79 46
929 90 7
930 56 54
931 30 1
932 85 28
933 29 21
934 57 22
935 98 13
936 89 10
937 91 61
938 70 23
939 88 4
940 93 44
941 54 27
942 25 27
943 71 99
944 12 52
945 64 3
946 1 47
947 22 74
948 27 50
949 34 54
950 61 9
951 45 36
952 45 33
953 66 100
954 57 54
955 73 6
956 65 0
957 67 61
958 35 16
959 51 34
960 93 100
961 22 0
962 46 86
963 99 100
964 54 49
965 21 10
966 0 26
967 73 99
968 49 80
969 98 86
970 91 92
971 72 92
972 65 17
973 0 29
974 11 86
975 75 55
976 87 68
977 42 37
978 67 22
979 72 73
980 99 19
981 49 46
982 15 9
983 11 0
984 72 18
985 67 92
986 22 45
987 82 88
988 58 69
989 26 87
990 16 77
991 3 24
992 21 1
993 97 70
994 30 61
995 67 19
996 32 68
997 54 79
998 71 40
