# N=999  D=30  Area=100
# id x y
0 50 50
1 72 19
2 47 46
3 24 38
4 43 47
5 14 77
6 50 2
7 33 64
8 8 28
9 18 19
10 15 65
11 52 53
12 45 48
13 42 1
14 62 98
15 6 57
16 22 87
17 44 68
18 91 90
19 96 47
20 10 77
21 19 85
22 74 60
23 80 98
24 59 7
25 56 56
26 18 68
27 28 56
28 12 98
29 11 15
30 88 51
31 27 22
32 40 38
33 43 75
34 29 87
35 43 32
36 93 30
37 62 52
38 44 92
39 49 12
40 43 27
41 28 34
42 80 61
43 58 38
44 77 37
45 54 100
46 14 73
47 56 98
48 88 47
49 13 77
50 1 77
51 88 55
52 67 86
53 93 11
54 81 55
55 37 97
56 24 94
57 37 25
58 84 53
59 47 47
60 3 36
61 89 78
62 42 34
63 53 18
64 69 4
65 93 68
66 12 9
67 88 26
68 75 79
69 72 49
70 12 32
71 58 29
72 70 37
73 45 3
74 7 3
75 55 3
76 48 69
77 8 82
78 14 46
79 24 26
80 70 29
81 18 49
82 34 94
83 9 63
84 67 68
85 7 66
86 36 21
87 20 74
88 27 89
89 68 51
90 25 79
91 92 22
92 66 83
93 36 72
94 9 87
95 30 62
96 32 78
97 73 64
98 30 49
99 94 78
100 30 37
101 63 8
102 55 72
103 35 89
104 37 5
105 25 95
106 25 68
107 28 78
108 26 41
109 24 42
110 52 11
111 31 81
112 55 50
113 93 86
114 34 43
115 65 90
116 66 94
117 73 79
118 44 64
119 55 51
120 70 77
121 2 67
122 41 51
123 65 62
124 43 98
125 73 58
126 43 0
127 25 71
128 70 28
129 15 61
130 5 13
131 61 27
132 98 58
133 25 92
134 28 99
135 66 67
136 49 23
137 11 53
138 10 29
139 97 73
140 1 93
141 12 47
142 43 87
143 33 11
144 84 75
145 28 71
146 38 56
147 26 35
148 92 56
149 97 45
150 49 76
151 52 16
152 89 11
153 18 24
154 86 79
155 100 48
156 50 44
157 85 79
158 12 24
159 75 34
160 55 89
161 8 1
162 85 68
163 15 20
164 33 50
165 93 38
166 76 40
167 79 6
168 76 31
169 79 49
170 31 89
171 92 98
172 20 32
173 10 59
174 99 63
175 52 39
176 85 35
177 49 8
178 10 83
179 4 6
180 50 93
181 95 10
182 19 98
183 31 95
184 14 33
185 20 10
186 57 52
187 91 100
188 20 41
189 95 4
190 51 30
191 100 97
192 71 4
193 29 76
194 41 87
195 50 65
196 17 50
197 21 10
198 31 55
199 44 73
200 0 73
201 1 99
202 4 73
203 97 92
204 17 65
205 69 30
206 67 71
207 21 69
208 39 92
209 4 25
210 29 48
211 84 88
212 77 84
213 31 13
214 81 37
215 95 41
216 100 61
217 28 50
218 6 88
219 96 72
220 9 92
221 67 98
222 92 96
223 8 2
224 64 79
225 40 84
226 27 29
227 82 15
228 75 4
229 78 61
230 14 38
231 71 7
232 82 38
233 52 6
234 23 30
235 35 70
236 23 84
237 21 25
238 83 20
239 56 37
240 14 17
241 37 76
242 39 86
243 39 77
244 26 45
245 3 79
246 96 99
247 94 79
248 13 70
249 75 39
250 21 90
251 81 100
252 99 94
253 43 34
254 9 8
255 66 100
256 73 29
257 88 71
258 24 67
259 21 17
260 65 85
261 73 26
262 3 78
263 41 58
264 31 35
265 92 87
266 62 50
267 10 21
268 3 89
269 24 63
270 18 8
271 85 96
272 26 2
273 30 77
274 45 98
275 85 58
276 80 73
277 82 34
278 83 46
279 37 72
280 43 25
281 34 53
282 90 94
283 36 74
284 67 19
285 56 67
286 92 50
287 86 37
288 86 73
289 26 26
290 82 62
291 80 44
292 28 31
293 40 41
294 25 32
295 34 40
296 20 3
297 45 73
298 33 72
299 19 3
300 81 68
301 72 21
302 77 23
303 60 3
304 48 65
305 77 80
306 32 25
307 31 23
308 85 65
309 77 52
310 49 38
311 59 23
312 29 33
313 35 98
314 19 6
315 68 35
316 12 14
317 50 58
318 19 63
319 85 66
320 75 49
321 47 18
322 91 3
323 35 66
324 7 46
325 61 98
326 64 53
327 2 24
328 45 72
329 74 35
330 80 75
331 44 60
332 14 51
333 49 36
334 97 48
335 65 21
336 59 55
337 18 74
338 13 10
339 64 61
340 36 81
341 13 17
342 96 21
343 56 73
344 74 29
345 99 22
346 60 58
347 38 69
348 19 22
349 7 86
350 12 0
351 77 78
352 18 25
353 92 46
354 75 1
355 63 46
356 44 70
357 2 97
358 51 0
359 7 40
360 42 84
361 62 100
362 52 59
363 76 12
364 97 57
365 78 70
366 17 57
367 72 74
368 68 40
369 41 24
370 61 38
371 30 8
372 31 51
373 22 89
374 59 37
375 39 43
376 94 87
377 76 16
378 0 13
379 2 11
380 53 47
381 98 94
382 97 69
383 95 43
384 3 52
385 65 73
386 73 57
387 80 45
388 82 52
389 56 97
390 8 76
391 60 32
392 32 92
393 99 11
394 34 48
395 30 87
396 10 43
397 88 70
398 93 13
399 25 13
400 99 31
401 95 35
402 3 77
403 61 11
404 86 91
405 74 70
406 99 37
407 92 77
408 4 46
409 92 45
410 15 40
411 87 36
412 32 8
413 59 63
414 65 55
415 38 54
416 53 50
417 96 43
418 11 12
419 55 75
420 44 36
421 64 74
422 85 48
423 55 59
424 73 24
425 63 67
426 66 59
427 81 7
428 64 25
429 11 100
430 65 6
431 89 62
432 70 24
433 52 93
434 54 74
435 95 15
436 83 57
437 11 21
438 8 85
439 21 1
440 0 65
441 64 87
442 24 11
443 98 72
444 74 28
445 79 13
446 20 62
447 37 99
448 61 81
449 26 40
450 74 4
451 39 96
452 27 56
453 47 77
454 78 87
455 0 36
456 93 96
457 19 23
458 47 58
459 3 50
460 3 87
461 78 67
462 72 68
463 14 48
464 6 3
465 82 41
466 10 24
467 81 52
468 48 20
469 21 79
470 25 81
471 67 5
472 10 3
473 20 28
474 70 33
475 1 21
476 5 92
477 46 23
478 58 26
479 87 83
480 15 88
481 66 80
482 28 33
483 75 19
484 63 18
485 6 2
486 85 43
487 28 65
488 47 40
489 0 93
490 69 45
491 20 39
492 78 24
493 14 81
494 64 20
495 22 78
496 24 75
497 37 79
498 1 6
499 41 18
500 51 14
501 26 19
502 38 73
503 73 84
504 80 22
505 22 42
506 34 23
507 68 96
508 40 65
509 7 72
510 14 92
511 11 2
512 18 13
513 81 71
514 91 81
515 2 59
516 68 1
517 46 64
518 49 72
519 57 91
520 23 51
521 0 92
522 51 34
523 36 22
524 38 11
525 40 73
526 79 84
527 95 48
528 98 83
529 58 77
530 96 79
531 93 1
532 42 42
533 99 73
534 27 2
535 48 90
536 14 21
537 94 94
538 26 92
539 39 97
540 13 27
541 47 45
542 64 95
543 92 91
544 54 17
545 92 88
546 12 59
547 75 10
548 53 64
549 92 92
550 100 71
551 66 7
552 88 72
553 93 39
554 83 84
555 49 29
556 72 70
557 36 76
558 86 93
559 78 92
560 94 53
561 95 22
562 84 82
563 40 5
564 69 77
565 20 2
566 95 94
567 46 85
568 25 83
569 45 76
570 82 50
571 24 44
572 23 98
573 43 22
574 71 43
575 97 79
576 48 50
577 7 94
578 26 37
579 8 61
580 30 83
581 100 40
582 0 68
583 100 31
584 47 24
585 70 45
586 86 59
587 21 72
588 10 69
589 18 2
590 9 52
591 49 60
592 43 38
593 11 20
594 38 21
595 1 92
596 20 90
597 95 14
598 47 64
599 44 11
600 93 17
601 74 51
602 99 16
603 50 6
604 93 83
605 79 8
606 60 12
607 62 6
608 52 71
609 9 99
610 59 68
611 0 61
612 75 30
613 88 30
614 68 21
615 57 56
616 48 46
617 16 13
618 10 54
619 2 36
620 36 70
621 37 93
622 91 40
623 43 13
624 78 18
625 27 13
626 100 0
627 32 40
628 14 44
629 80 36
630 13 54
631 0 62
632 74 14
633 92 93
634 30 41
635 96 30
636 53 36
637 43 60
638 100 23
639 26 16
640 5 82
641 35 77
642 68 52
643 45 40
644 35 34
645 78 28
646 98 68
647 51 91
648 56 72
649 2 9
650 45 67
651 11 7
652 37 48
653 29 60
654 41 26
655 72 100
656 3 3
657 36 93
658 19 32
659 90 28
660 17 64
661 77 47
662 26 53
663 59 48
664 34 29
665 33 100
666 31 5
667 10 82
668 35 17
669 90 2
670 18 15
671 38 79
672 96 57
673 78 29
674 88 34
675 76 83
676 9 60
677 39 99
678 51 55
679 62 99
680 36 57
681 87 16
682 98 11
683 3 88
684 99 15
685 21 5
686 54 80
687 75 37
688 59 57
689 61 44
690 85 51
691 33 56
692 23 70
693 80 32
694 61 32
695 59 94
696 43 64
697 89 65
698 48 27
699 95 68
700 81 87
701 27 3
702 56 54
703 70 27
704 7 10
705 60 99
706 87 53
707 5 18
708 98 27
709 27 61
710 77 51
711 91 96
712 31 39
713 19 58
714 36 6
715 75 11
716 28 93
717 11 29
718 24 82
719 61 2
720 81 31
721 83 41
722 87 78
723 10 42
724 28 17
725 63 27
726 18 46
727 60 95
728 62 22
729 14 55
730 52 70
731 34 17
732 89 20
733 98 95
734 27 72
735 5 72
736 82 71
737 66 0
738 42 33
739 4 9
740 75 27
741 58 54
742 46 81
743 27 25
744 42 51
745 79 7
746 94 14
747 19 81
748 31 3
749 99 7
750 52 26
751 96 19
752 33 62
753 86 99
754 8 50
755 92 97
756 86 49
757 76 38
758 72 48
759 89 14
760 53 26
761 55 53
762 98 40
763 80 54
764 22 4
765 70 30
766 73 13
767 24 7
768 100 45
769 92 58
770 83 66
771 71 54
772 16 19
773 10 64
774 84 13
775 4 89
776 9 19
777 53 98
778 69 52
779 86 19
780 46 0
781 56 63
782 29 99
783 92 8
784 57 97
785 0 45
786 100 42
787 28 21
788 64 27
789 58 89
790 80 91
791 30 27
792 34 10
793 90 11
794 54 90
795 3 76
796 59 39
797 66 82
798 27 21
799 44 8
800 58 91
801 46 86
802 1 53
803 88 68
804 40 100
805 77 33
806 88 10
807 84 77
808 23 85
809 81 54
810 54 10
811 81 43
812 81 80
813 49 52
814 35 3
815 15 60
816 20 18
817 98 79
818 54 22
819 66 84
820 87 4
821 4 7
822 81 18
823 19 4
824 21 66
825 30 68
826 77 12
827 29 95
828 60 68
829 86 74
830 42 46
831 28 7
832 75 78
833 17 97
834 68 83
835 12 33
836 10 92
837 34 97
838 56 14
839 32 13
840 58 39
841 54 13
842 19 16
843 37 67
844 83 23
845 77 55
846 45 91
847 19 0
848 69 16
849 75 98
850 28 41
851 94 77
852 74 5
853 32 100
854 65 7
855 12 42
856 79 57
857 82 56
858 33 59
859 89 54
860 12 96
861 36 55
862 93 0
863 28 42
864 15 76
865 17 11
866 87 61
867 31 78
868 24 25
869 58 32
870 57 61
871 58 11
872 94 21
873 18 7
874 83 73
875 56 99
876 45 65
877 36 10
878 62 51
879 55 82
880 69 82
881 72 26
882 12 63
883 93 59
884 49 15
885 22 15
886 67 78
887 79 2
888 85 60
889 4 97
890 67 13
891 39 58
892 98 69
893 30 12
894 12 57
895 97 3
896 66 77
897 54 34
898 68 19
899 60 6
900 49 66
901 98 98
902 10 61
903 77 67
904 90 61
905 78 4
906 73 91
907 39 75
908 55 16
909 91 35
910 15 23
911 5 41
912 19 95
913 30 5
914 99 70
915 63 95
916 41 67
917 15 78
918 61 37
919 35 74
920 35 20
921 41 20
922 21 16
923 17 76
924 11 81
925 41 7
926 87 65
927 61 89
928 6 60
929 66 4
930 52 21
931 29 3
932 27 100
933 17 47
934 91 39
935 97 1
936 3 97
937 41 88
938 42 87
939 33 5
940 71 60
941 84 33
942 80 16
943 53 45
944 29 82
945 78 62
946 68 17
947 40 82
948 83 1
949 10 37
950 76 11
951 43 84
952 32 21
953 38 67
954 14 56
955 47 83
956 90 82
957 99 39
958 97 86
959 45 41
960 98 54
961 64 94
962 75 14
963 97 77
964 100 100
965 61 100
966 6 73
967 73 74
968 93 10
969 76 94
970 16 24
971 48 58
972 61 5
973 75 42
974 98 4
975 55 60
976 6 33
977 34 27
978 45 71
979 53 33
980 45 79
981 74 74
982 63 56
983 44 12
984 54 0
985 45 32
986 51 67
987 31 84
988 86 42
989 15 77
990 86 25
991 22 82
992 65 97
993 97 85
994 63 6
995 87 28
996 45 21
997 62 73
998 37 23
