# N=999  D=30  Area=100
# id x y
0 50 50
1 13 32
2 0 86
3 93 81
4 23 47
5 80 29
6 76 30
7 4 2
8 34 12
9 39 1
10 92 26
11 80 45
12 50 74
13 77 32
14 41 71
15 7 31
16 98 70
17 12 98
18 35 63
19 69 23
20 97 18
21 43 99
22 95 12
23 7 16
24 34 55
25 90 0
26 1 91
27 40 84
28 53 19
29 31 27
30 52 89
31 2 64
32 49 93
33 18 24
34 43 20
35 36 26
36 37 88
37 42 78
38 75 62
39 91 45
40 14 67
41 69 90
42 80 38
43 43 14
44 54 70
45 66 7
46 85 25
47 92 69
48 47 49
49 80 99
50 85 23
51 91 6
52 88 14
53 63 28
54 62 42
55 30 45
56 71 5
57 62 61
58 55 36
59 27 51
60 5 2
61 73 27
62 63 59
63 21 67
64 57 47
65 34 97
66 90 53
67 33 75
68 17 68
69 6 14
70 10 10
71 78 34
72 11 0
73 11 88
74 89 19
75 88 8
76 59 57
77 94 71
78 58 29
79 34 22
80 78 57
81 42 90
82 38 49
83 27 1
84 94 70
85 69 65
86 29 72
87 65 44
88 91 51
89 10 99
90 0 64
91 54 0
92 97 77
93 74 28
94 41 37
95 40 87
96 44 59
97 66 65
98 20 3
99 70 94
100 93 70
101 85 11
102 8 46
103 81 65
104 41 15
105 64 29
106 45 53
107 31 23
108 0 2
109 63 80
110 93 33
111 72 69
112 69 59
113 23 9
114 64 33
115 65 56
116 97 40
117 52 5
118 33 58
119 16 58
120 90 15
121 81 94
122 54 21
123 5 82
124 22 45
125 99 33
126 10 15
127 70 73
128 31 75
129 55 60
130 39 6
131 89 39
132 9 53
133 47 11
134 52 52
135 81 56
136 96 95
137 67 26
138 23 1
139 71 20
140 74 22
141 88 36
142 84 8
143 74 31
144 68 89
145 66 37
146 39 2
147 28 35
148 32 77
149 55 100
150 80 87
151 62 98
152 49 35
153 34 76
154 85 90
155 50 20
156 12 36
157 41 73
158 81 11
159 89 44
160 0 29
161 73 66
162 26 80
163 3 60
164 25 15
165 61 30
166 31 67
167 33 50
168 71 38
169 15 38
170 76 17
171 37 90
172 50 18
173 81 30
174 3 46
175 50 49
176 37 85
177 35 52
178 19 38
179 93 29
180 53 78
181 95 19
182 100 47
183 18 14
184 17 34
185 99 73
186 26 43
187 59 11
188 36 42
189 31 86
190 24 99
191 68 0
192 28 75
193 68 61
194 38 14
195 83 56
196 81 99
197 60 3
198 72 72
199 28 31
200 2 52
201 5 20
202 45 60
203 96 12
204 6 11
205 18 85
206 8 77
207 12 48
208 38 86
209 52 45
210 84 58
211 73 11
212 85 39
213 7 28
214 66 30
215 23 98
216 5 14
217 26 0
218 24 7
219 62 82
220 13 47
221 20 19
222 17 92
223 80 78
224 55 49
225 95 33
226 10 55
227 46 22
228 31 60
229 13 2
230 9 48
231 45 59
232 72 5
233 70 20
234 2 94
235 98 12
236 25 53
237 63 70
238 68 8
239 38 87
240 63 21
241 30 93
242 5 73
243 56 10
244 35 73
245 67 1
246 79 81
247 46 21
248 81 17
249 23 71
250 41 23
251 32 24
252 83 73
253 15 50
254 100 99
255 9 50
256 71 6
257 17 73
258 73 29
259 66 67
260 55 80
261 24 42
262 92 66
263 18 70
264 87 63
265 32 6
266 59 47
267 63 77
268 74 75
269 93 17
270 50 21
271 59 34
272 24 76
273 24 44
274 100 22
275 0 85
276 27 79
277 94 67
278 65 79
279 12 7
280 73 95
281 11 1
282 75 51
283 0 66
284 43 31
285 46 56
286 89 41
287 84 93
288 48 11
289 62 4
290 6 70
291 6 30
292 14 75
293 61 4
294 24 82
295 43 60
296 64 90
297 88 61
298 75 75
299 71 97
300 65 20
301 24 98
302 14 56
303 35 7
304 64 45
305 45 36
306 76 75
307 10 59
308 8 57
309 70 62
310 62 78
311 17 1
312 74 94
313 95 44
314 63 2
315 44 95
316 70 3
317 53 69
318 30 39
319 41 43
320 51 100
321 8 62
322 1 19
323 78 73
324 9 51
325 29 57
326 23 64
327 63 29
328 82 77
329 5 48
330 59 70
331 23 39
332 56 91
333 14 26
334 25 40
335 41 36
336 95 85
337 21 70
338 91 18
339 84 54
340 36 31
341 18 94
342 41 56
343 90 85
344 7 55
345 43 13
346 36 35
347 26 46
348 66 41
349 93 15
350 20 0
351 1 88
352 72 60
353 67 53
354 85 61
355 92 71
356 8 11
357 11 76
358 8 26
359 45 96
360 90 72
361 69 85
362 20 9
363 72 47
364 65 14
365 59 52
366 88 79
367 89 79
368 96 43
369 54 72
370 29 17
371 95 61
372 84 91
373 42 82
374 33 3
375 75 59
376 32 39
377 6 10
378 38 37
379 7 10
380 99 57
381 38 64
382 34 51
383 17 33
384 7 88
385 18 58
386 22 16
387 20 89
388 56 86
389 47 60
390 51 51
391 38 6
392 43 18
393 68 90
394 55 94
395 30 46
396 73 80
397 74 85
398 54 78
399 28 90
400 45 6
401 24 86
402 6 20
403 76 38
404 19 17
405 45 85
406 26 69
407 87 6
408 38 100
409 35 24
410 60 13
411 85 21
412 58 28
413 70 95
414 69 72
415 17 60
416 62 62
417 100 85
418 0 26
419 31 94
420 16 32
421 91 20
422 0 9
423 23 79
424 93 30
425 85 41
426 30 65
427 22 53
428 48 69
429 44 75
430 58 77
431 100 90
432 99 13
433 87 24
434 54 66
435 40 72
436 29 25
437 83 85
438 41 32
439 23 10
440 41 58
441 50 96
442 68 49
443 25 97
444 89 65
445 80 24
446 31 13
447 44 50
448 21 0
449 47 88
450 86 25
451 17 52
452 52 91
453 54 9
454 64 23
455 3 63
456 91 53
457 40 27
458 32 32
459 81 55
460 98 35
461 97 35
462 39 62
463 32 2
464 56 75
465 44 63
466 31 7
467 2 85
468 91 75
469 32 44
470 4 89
471 92 77
472 76 12
473 15 43
474 19 59
475 16 12
476 5 25
477 41 57
478 53 30
479 100 12
480 77 6
481 98 15
482 15 6
483 70 42
484 80 8
485 93 23
486 39 66
487 13 40
488 84 59
489 4 49
490 57 45
491 51 98
492 54 35
493 86 20
494 53 7
495 73 93
496 42 51
497 1 28
498 7 25
499 39 18
500 49 34
501 82 3
502 64 74
503 19 41
504 63 73
505 33 32
506 92 81
507 60 20
508 94 81
509 94 55
510 10 53
511 35 28
512 0 74
513 41 10
514 7 11
515 22 81
516 7 1
517 75 73
518 2 29
519 19 35
520 19 8
521 67 93
522 19 74
523 75 27
524 51 15
525 45 48
526 82 44
527 3 90
528 69 51
529 82 89
530 55 46
531 26 21
532 91 28
533 15 19
534 93 24
535 49 89
536 75 72
537 48 81
538 78 53
539 92 72
540 95 13
541 43 77
542 3 32
543 42 86
544 47 65
545 40 46
546 41 2
547 68 41
548 41 86
549 78 71
550 80 16
551 74 33
552 18 68
553 99 75
554 6 44
555 23 31
556 16 49
557 100 72
558 22 99
559 95 26
560 15 52
561 96 88
562 52 76
563 29 84
564 23 55
565 68 31
566 11 95
567 100 50
568 89 7
569 91 5
570 9 95
571 98 87
572 18 40
573 11 84
574 80 6
575 65 87
576 78 80
577 43 39
578 84 71
579 93 34
580 36 79
581 81 51
582 40 33
583 37 79
584 11 18
585 35 25
586 96 7
587 5 81
588 48 52
589 85 47
590 67 3
591 30 24
592 38 62
593 36 92
594 56 58
595 34 78
596 7 46
597 89 98
598 77 51
599 81 47
600 76 63
601 84 92
602 0 61
603 61 79
604 14 29
605 2 40
606 56 24
607 51 31
608 30 48
609 15 27
610 83 38
611 92 24
612 90 62
613 98 26
614 40 8
615 32 76
616 80 100
617 4 99
618 33 24
619 20 97
620 67 70
621 52 18
622 18 34
623 44 81
624 10 1
625 71 66
626 34 64
627 6 61
628 97 91
629 11 40
630 67 97
631 47 43
632 77 16
633 33 71
634 48 47
635 57 8
636 29 38
637 40 24
638 43 38
639 33 1
640 86 22
641 22 52
642 76 4
643 43 58
644 28 70
645 54 3
646 70 93
647 49 48
648 58 79
649 50 86
650 50 46
651 56 77
652 11 68
653 52 31
654 82 25
655 49 25
656 44 19
657 60 68
658 20 20
659 29 82
660 83 76
661 78 45
662 100 27
663 80 0
664 67 89
665 44 26
666 88 33
667 54 47
668 61 93
669 90 48
670 98 55
671 59 48
672 73 30
673 41 31
674 20 30
675 65 83
676 38 13
677 67 42
678 19 10
679 5 50
680 58 85
681 48 86
682 92 6
683 71 84
684 32 87
685 91 91
686 92 76
687 78 62
688 55 58
689 42 58
690 79 40
691 59 74
692 5 44
693 80 86
694 61 7
695 28 87
696 70 46
697 64 22
698 75 39
699 52 50
700 16 6
701 57 55
702 41 14
703 30 7
704 34 68
705 11 29
706 60 92
707 89 10
708 59 65
709 26 88
710 75 16
711 27 22
712 56 43
713 92 21
714 26 97
715 14 33
716 100 93
717 57 71
718 7 82
719 46 10
720 50 3
721 43 15
722 12 28
723 24 15
724 93 61
725 45 76
726 71 65
727 85 80
728 14 93
729 15 51
730 84 10
731 22 42
732 22 12
733 86 67
734 88 2
735 78 14
736 7 6
737 87 68
738 78 15
739 1 84
740 68 75
741 78 39
742 65 40
743 100 59
744 76 19
745 29 11
746 95 96
747 31 68
748 95 17
749 62 33
750 47 46
751 26 54
752 64 31
753 25 82
754 15 13
755 20 72
756 78 58
757 52 59
758 50 95
759 74 54
760 54 10
761 93 92
762 87 17
763 47 6
764 7 92
765 65 21
766 84 95
767 5 76
768 58 10
769 9 44
770 29 63
771 22 4
772 93 98
773 71 51
774 4 86
775 100 92
776 44 58
777 59 36
778 35 43
779 16 20
780 13 65
781 73 84
782 11 86
783 87 7
784 99 9
785 88 66
786 65 16
787 26 20
788 63 76
789 63 35
790 100 100
791 6 26
792 96 5
793 23 66
794 28 59
795 84 79
796 61 81
797 53 100
798 17 79
799 0 96
800 77 25
801 60 52
802 87 62
803 38 24
804 81 90
805 25 76
806 38 58
807 42 80
808 57 44
809 20 10
810 87 87
811 53 72
812 99 7
813 29 45
814 68 42
815 88 70
816 91 24
817 64 96
818 84 7
819 69 76
820 68 70
821 31 79
822 85 86
823 73 67
824 38 45
825 80 53
826 62 64
827 85 15
828 29 34
829 37 71
830 55 67
831 87 14
832 72 18
833 24 24
834 97 44
835 99 27
836 9 14
837 44 37
838 84 90
839 16 56
840 2 30
841 83 27
842 36 25
843 99 30
844 89 28
845 1 11
846 29 0
847 1 24
848 94 2
849 51 9
850 93 78
851 31 38
852 57 89
853 79 17
854 45 50
855 0 75
856 86 56
857 92 85
858 38 52
859 16 86
860 62 51
861 64 24
862 50 51
863 83 67
864 9 9
865 11 60
866 35 34
867 31 66
868 15 34
869 23 7
870 38 16
871 29 30
872 69 2
873 83 5
874 70 85
875 50 11
876 47 41
877 41 0
878 16 22
879 2 17
880 28 41
881 36 58
882 53 71
883 79 78
884 23 68
885 75 95
886 61 34
887 52 88
888 87 93
889 31 1
890 59 42
891 64 11
892 56 0
893 90 17
894 69 16
895 57 90
896 71 73
897 4 22
898 54 43
899 49 19
900 61 25
901 0 27
902 58 12
903 65 63
904 4 41
905 11 28
906 24 41
907 49 33
908 2 10
909 94 95
910 2 56
911 76 86
912 26 96
913 43 81
914 87 57
915 89 52
916 21 40
917 15 80
918 75 6
919 65 5
920 62 36
921 61 32
922 60 100
923 74 66
924 91 26
925 88 9
926 40 39
927 91 65
928 69 84
929 6 24
930 99 23
931 32 94
932 48 92
933 16 41
934 25 46
935 21 79
936 14 40
937 69 20
938 14 51
939 93 75
940 19 64
941 83 14
942 38 4
943 48 23
944 14 90
945 50 5
946 84 85
947 58 63
948 65 7
949 35 17
950 85 35
951 31 54
952 62 3
953 11 100
954 38 95
955 42 56
956 46 6
957 7 36
958 6 56
959 12 83
960 41 24
961 21 69
962 64 25
963 12 27
964 28 92
965 31 76
966 53 61
967 89 72
968 81 41
969 29 19
970 64 47
971 78 63
972 20 24
973 95 23
974 89 67
975 97 9
976 99 31
977 48 99
978 60 49
979 45 3
980 77 11
981 23 5
982 31 81
983 29 90
984 59 4
985 34 80
986 89 69
987 26 17
988 70 27
989 87 88
990 100 63
991 87 71
992 64 37
993 41 39
994 54 77
995 77 44
996 10 98
997 91 50
998 4 97
