# N=999  D=30  Area=100
# id x y
0 50 50
1 88 24
2 50 3
3 0 63
4 54 70
5 12 51
6 70 0
7 42 64
8 70 56
9 59 78
10 9 93
11 90 18
12 60 85
13 44 58
14 16 93
15 6 71
16 83 69
17 83 90
18 87 76
19 93 71
20 21 30
21 64 26
22 79 24
23 21 4
24 17 95
25 1 66
26 32 41
27 75 81
28 54 16
29 49 63
30 76 59
31 69 31
32 62 16
33 59 77
34 18 60
35 90 75
36 65 65
37 86 49
38 4 83
39 24 9
40 93 40
41 24 22
42 88 64
43 91 77
44 2 46
45 72 23
46 20 50
47 100 81
48 96 29
49 44 75
50 95 97
51 17 37
52 55 60
53 85 27
54 71 36
55 19 44
56 7 65
57 62 37
58 8 62
59 64 68
60 21 91
61 79 8
62 52 24
63 49 48
64 89 64
65 13 75
66 21 27
67 1 70
68 7 1
69 80 66
70 38 96
71 14 55
72 23 57
73 52 76
74 60 72
75 44 100
76 97 47
77 48 97
78 39 41
79 51 26
80 6 6
81 86 79
82 46 71
83 16 57
84 49 91
85 28 3
86 32 49
87 34 23
88 64 1
89 36 92
90 3 100
91 61 36
92 95 36
93 59 90
94 0 12
95 48 99
96 61 38
97 12 100
98 81 17
99 31 23
100 15 57
101 33 85
102 44 5
103 64 73
104 86 77
105 59 65
106 6 81
107 17 90
108 64 95
109 35 66
110 56 99
111 13 25
112 49 65
113 52 13
114 88 5
115 74 66
116 24 19
117 63 42
118 29 54
119 68 20
120 26 2
121 5 64
122 94 1
123 100 47
124 74 23
125 63 92
126 0 94
127 42 0
128 18 68
129 1 44
130 26 46
131 64 45
132 59 80
133 62 62
134 93 22
135 27 63
136 55 52
137 83 77
138 71 21
139 63 51
140 24 100
141 62 44
142 10 32
143 57 10
144 20 21
145 76 98
146 82 4
147 71 91
148 88 14
149 4 57
150 34 75
151 54 28
152 3 18
153 60 26
154 35 31
155 49 82
156 69 11
157 8 22
158 77 33
159 73 93
160 97 34
161 14 56
162 78 2
163 88 23
164 12 30
165 77 63
166 77 98
167 100 44
168 45 25
169 84 97
170 22 70
171 39 6
172 28 36
173 81 81
174 20 45
175 38 9
176 42 30
177 22 93
178 14 76
179 0 41
180 70 44
181 18 59
182 84 24
183 38 38
184 30 57
185 63 52
186 1 61
187 61 65
188 85 70
189 13 88
190 67 25
191 66 83
192 84 99
193 81 83
194 33 73
195 75 70
196 25 4
197 37 70
198 28 0
199 51 6
200 58 41
201 14 50
202 11 88
203 21 72
204 47 0
205 39 8
206 89 97
207 76 68
208 35 38
209 47 8
210 40 23
211 27 83
212 44 17
213 56 47
214 16 13
215 18 85
216 19 58
217 37 83
218 13 15
219 32 82
220 85 42
221 31 75
222 0 84
223 43 57
224 10 84
225 82 22
226 41 19
227 80 67
228 69 79
229 74 41
230 76 22
231 88 34
232 34 12
233 31 44
234 40 77
235 92 66
236 46 100
237 19 89
238 85 51
239 39 47
240 37 60
241 31 68
242 39 14
243 84 69
244 97 56
245 93 65
246 3 59
247 24 80
248 80 1
249 85 94
250 18 97
251 61 89
252 14 1
253 79 36
254 61 20
255 92 59
256 88 17
257 52 14
258 35 4
259 80 61
260 83 68
261 47 25
262 47 60
263 6 43
264 32 74
265 93 80
266 33 45
267 62 30
268 74 7
269 0 4
270 83 9
271 93 68
272 85 77
273 3 84
274 30 78
275 15 82
276 65 68
277 29 98
278 92 58
279 10 4
280 45 10
281 75 93
282 93 9
283 18 22
284 73 5
285 13 0
286 46 10
287 31 14
288 37 91
289 35 71
290 26 9
291 88 48
292 1 83
293 71 61
294 55 34
295 27 23
296 90 93
297 17 41
298 56 56
299 21 58
300 1 25
301 81 59
302 7 15
303 28 73
304 12 57
305 83 0
306 49 34
307 85 87
308 46 70
309 60 43
310 14 20
311 9 33
312 10 41
313 48 17
314 28 57
315 51 83
316 73 100
317 25 57
318 96 48
319 56 39
320 84 79
321 12 54
322 99 2
323 64 12
324 58 48
325 68 33
326 13 93
327 52 40
328 95 41
329 23 37
330 48 21
331 94 88
332 21 21
333 82 79
334 9 83
335 3 89
336 16 53
337 11 59
338 45 96
339 61 17
340 81 1
341 92 4
342 2 3
343 79 7
344 13 10
345 14 57
346 85 83
347 8 64
348 74 73
349 64 0
350 91 69
351 75 40
352 21 69
353 100 12
354 33 100
355 0 55
356 98 69
357 51 32
358 23 82
359 81 14
360 48 65
361 13 95
362 10 75
363 79 28
364 35 44
365 40 7
366 99 66
367 94 79
368 28 65
369 74 94
370 17 60
371 85 11
372 74 100
373 51 5
374 12 91
375 79 35
376 13 22
377 16 7
378 78 77
379 38 31
380 47 71
381 16 78
382 63 34
383 95 98
384 49 89
385 54 41
386 69 78
387 62 68
388 33 89
389 83 19
390 29 74
391 38 66
392 100 46
393 30 96
394 80 53
395 91 45
396 65 69
397 23 44
398 23 29
399 77 58
400 1 40
401 79 67
402 14 78
403 32 90
404 80 39
405 59 36
406 74 14
407 68 45
408 62 85
409 65 12
410 57 99
411 98 4
412 78 81
413 94 89
414 18 62
415 58 39
416 81 63
417 12 23
418 74 63
419 93 63
420 9 26
421 55 90
422 95 20
423 43 90
424 70 27
425 88 38
426 32 50
427 59 22
428 79 41
429 68 29
430 90 66
431 82 39
432 15 78
433 18 79
434 76 12
435 58 40
436 47 94
437 91 100
438 74 24
439 39 9
440 14 100
441 96 49
442 72 19
443 36 89
444 4 21
445 24 61
446 55 89
447 88 77
448 84 78
449 4 38
450 61 11
451 29 55
452 63 30
453 66 53
454 99 30
455 67 91
456 30 27
457 10 30
458 79 58
459 71 92
460 57 76
461 16 60
462 92 100
463 18 57
464 13 79
465 62 81
466 98 85
467 40 49
468 1 71
469 64 81
470 21 45
471 70 57
472 6 16
473 67 16
474 7 54
475 88 0
476 30 84
477 66 32
478 99 15
479 26 75
480 72 65
481 54 24
482 50 65
483 84 42
484 80 54
485 5 43
486 83 45
487 15 7
488 41 97
489 73 63
490 88 11
491 98 42
492 60 45
493 49 18
494 14 28
495 19 50
496 45 89
497 98 98
498 82 91
499 97 50
500 66 14
501 30 9
502 50 30
503 33 17
504 65 19
505 55 87
506 22 82
507 66 9
508 39 27
509 52 7
510 16 50
511 9 17
512 54 50
513 42 71
514 0 22
515 91 93
516 6 33
517 28 13
518 93 69
519 73 58
520 87 59
521 49 20
522 40 98
523 55 66
524 97 13
525 93 33
526 63 7
527 56 20
528 45 23
529 90 61
530 45 81
531 40 82
532 90 32
533 45 67
534 67 30
535 34 96
536 49 26
537 48 62
538 76 96
539 6 78
540 19 65
541 54 53
542 20 40
543 20 10
544 36 40
545 99 9
546 96 87
547 34 77
548 66 16
549 59 26
550 79 74
551 57 30
552 52 29
553 13 8
554 20 85
555 47 43
556 65 94
557 15 11
558 2 7
559 11 72
560 68 52
561 32 46
562 97 27
563 66 21
564 10 49
565 43 65
566 54 12
567 71 81
568 45 59
569 22 91
570 39 28
571 84 98
572 36 62
573 19 82
574 98 77
575 49 23
576 12 77
577 14 8
578 81 51
579 29 95
580 26 23
581 33 0
582 50 16
583 13 69
584 57 13
585 90 26
586 25 43
587 47 9
588 88 31
589 22 58
590 64 9
591 41 95
592 28 91
593 43 43
594 34 16
595 11 32
596 47 83
597 35 70
598 86 60
599 27 0
600 50 95
601 52 83
602 90 29
603 18 10
604 17 15
605 53 30
606 47 50
607 31 83
608 45 91
609 27 13
610 93 93
611 79 42
612 60 37
613 58 33
614 87 97
615 96 66
616 72 77
617 6 29
618 86 23
619 55 6
620 65 9
621 93 18
622 28 86
623 17 100
624 43 36
625 92 82
626 90 16
627 77 79
628 74 77
629 80 94
630 75 83
631 25 74
632 72 100
633 39 65
634 24 8
635 61 34
636 17 63
637 36 39
638 57 32
639 72 76
640 55 22
641 8 79
642 12 47
643 84 76
644 69 59
645 3 63
646 6 65
647 77 27
648 9 28
649 24 91
650 2 96
651 67 5
652 97 84
653 29 16
654 20 62
655 89 81
656 9 74
657 62 59
658 68 48
659 25 0
660 24 36
661 41 76
662 42 73
663 15 43
664 19 4
665 68 85
666 10 68
667 66 90
668 94 87
669 46 65
670 66 57
671 50 51
672 30 31
673 46 77
674 8 65
675 67 20
676 5 38
677 4 16
678 12 11
679 80 96
680 96 39
681 11 35
682 28 6
683 84 84
684 90 11
685 9 87
686 45 72
687 1 76
688 44 97
689 73 6
690 2 100
691 27 30
692 74 91
693 98 70
694 12 13
695 41 40
696 40 29
697 58 8
698 32 76
699 82 92
700 30 19
701 57 93
702 14 17
703 83 8
704 26 71
705 8 68
706 27 25
707 32 6
708 89 60
709 60 94
710 40 60
711 39 82
712 100 30
713 38 52
714 26 74
715 28 14
716 21 85
717 15 14
718 32 71
719 17 80
720 71 31
721 60 6
722 78 100
723 3 14
724 48 16
725 5 22
726 26 61
727 2 28
728 9 6
729 1 39
730 1 53
731 22 43
732 86 30
733 15 69
734 63 74
735 88 30
736 63 86
737 26 22
738 95 0
739 84 65
740 15 46
741 70 58
742 94 21
743 84 5
744 12 45
745 17 13
746 52 42
747 76 3
748 98 71
749 34 20
750 18 64
751 28 80
752 79 43
753 58 0
754 45 73
755 40 96
756 81 62
757 6 80
758 4 89
759 8 16
760 15 95
761 99 31
762 60 79
763 94 59
764 59 16
765 65 59
766 88 22
767 46 78
768 99 18
769 21 50
770 10 35
771 66 66
772 64 7
773 40 62
774 87 39
775 56 80
776 17 85
777 6 83
778 14 40
779 97 32
780 26 72
781 87 18
782 36 15
783 65 4
784 30 97
785 35 63
786 96 6
787 27 81
788 32 78
789 7 34
790 29 85
791 11 23
792 89 28
793 46 27
794 7 50
795 19 6
796 81 91
797 98 53
798 19 72
799 83 63
800 14 16
801 65 93
802 18 2
803 10 97
804 58 90
805 19 24
806 69 42
807 11 67
808 58 91
809 100 73
810 65 5
811 100 50
812 35 84
813 11 3
814 56 84
815 22 76
816 33 25
817 20 24
818 46 81
819 15 18
820 21 81
821 49 40
822 81 66
823 88 8
824 18 21
825 36 76
826 75 20
827 49 58
828 93 74
829 98 6
830 86 78
831 53 62
832 4 7
833 74 74
834 57 20
835 96 94
836 90 71
837 68 40
838 67 64
839 2 5
840 64 46
841 45 98
842 53 71
843 57 69
844 28 26
845 82 67
846 92 8
847 24 18
848 69 19
849 19 30
850 80 80
851 42 76
852 96 70
853 14 59
854 52 38
855 66 68
856 8 17
857 6 63
858 70 89
859 59 64
860 72 42
861 17 51
862 45 78
863 81 9
864 51 49
865 42 28
866 43 91
867 26 83
868 83 91
869 47 97
870 75 38
871 84 100
872 55 3
873 45 38
874 95 94
875 77 53
876 51 69
877 1 19
878 77 97
879 97 40
880 46 57
881 6 45
882 46 52
883 98 66
884 1 58
885 34 21
886 58 65
887 22 69
888 12 20
889 91 15
890 64 97
891 25 1
892 93 79
893 7 83
894 1 12
895 7 52
896 92 86
897 11 30
898 95 77
899 6 44
900 67 76
901 99 94
902 63 69
903 15 17
904 49 97
905 62 69
906 3 91
907 77 55
908 86 54
909 59 57
910 39 70
911 66 1
912 96 12
913 35 49
914 30 2
915 22 19
916 99 70
917 47 82
918 44 87
919 97 83
920 54 80
921 19 54
922 67 79
923 95 19
924 76 6
925 88 9
926 48 73
927 14 48
928 38 17
929 42 43
930 18 0
931 59 24
932 95 78
933 28 29
934 6 84
935 41 8
936 75 45
937 41 87
938 3 47
939 32 24
940 46 80
941 0 6
942 46 94
943 96 33
944 74 68
945 20 63
946 90 37
947 97 88
948 62 94
949 72 44
950 66 88
951 63 22
952 62 32
953 69 60
954 16 41
955 63 45
956 99 42
957 34 40
958 93 39
959 74 40
960 39 89
961 55 73
962 100 85
963 8 3
964 29 42
965 5 84
966 43 27
967 49 7
968 75 98
969 30 73
970 21 100
971 56 53
972 24 17
973 100 2
974 7 35
975 20 74
976 85 35
977 89 76
978 52 12
979 97 52
980 19 39
981 41 59
982 10 71
983 90 4
984 29 7
985 24 0
986 95 84
987 66 73
988 75 78
989 2 42
990 90 39
991 9 89
992 45 8
993 20 3
994 39 3
995 76 99
996 59 89
997 78 38
998 66 54
