# N=999  D=30  Area=100
# id x y
0 50 50
1 53 26
2 13 6
3 73 46
4 45 79
5 53 19
6 63 99
7 30 92
8 73 0
9 9 69
10 86 52
11 76 51
12 35 0
13 75 71
14 38 10
15 7 34
16 16 27
17 13 28
18 14 88
19 59 5
20 49 91
21 49 68
22 83 37
23 35 90
24 69 41
25 96 73
26 41 90
27 29 46
28 90 13
29 28 12
30 87 94
31 57 58
32 3 46
33 5 80
34 18 46
35 7 87
36 93 24
37 68 17
38 61 97
39 54 22
40 9 1
41 53 87
42 70 90
43 65 100
44 50 4
45 28 21
46 5 7
47 52 27
48 87 59
49 94 30
50 60 38
51 86 93
52 58 21
53 47 86
54 70 60
55 27 91
56 73 98
57 80 34
58 93 63
59 93 28
60 53 12
61 87 33
62 86 39
63 32 24
64 45 41
65 1 92
66 18 65
67 49 55
68 49 58
69 34 25
70 36 46
71 93 27
72 49 3
73 88 38
74 65 27
75 48 5
76 7 52
77 71 92
78 82 84
79 36 89
80 32 97
81 63 36
82 19 100
83 52 34
84 63 100
85 12 93
86 28 42
87 51 49
88 98 46
89 38 57
90 42 80
91 14 34
92 66 67
93 21 64
94 70 10
95 22 94
96 35 80
97 8 29
98 89 75
99 22 88
100 97 12
101 68 58
102 31 4
103 85 8
104 95 68
105 99 18
106 22 23
107 12 33
108 65 65
109 66 41
110 35 54
111 41 83
112 28 30
113 17 87
114 81 58
115 7 95
116 94 68
117 82 40
118 67 40
119 1 40
120 59 19
121 48 65
122 97 67
123 15 29
124 80 13
125 92 60
126 74 93
127 25 35
128 74 95
129 30 4
130 29 11
131 97 4
132 46 48
133 7 35
134 47 49
135 55 12
136 29 45
137 34 39
138 83 42
139 85 49
140 66 44
141 77 65
142 2 89
143 61 100
144 74 56
145 33 51
146 63 19
147 91 100
148 25 26
149 69 29
150 93 32
151 7 82
152 17 15
153 38 34
154 26 41
155 29 49
156 68 27
157 88 16
158 61 16
159 86 5
160 4 77
161 39 57
162 65 6
163 43 58
164 84 13
165 37 77
166 69 46
167 10 7
168 65 64
169 4 68
170 62 6
171 43 56
172 84 89
173 91 85
174 63 47
175 87 2
176 33 95
177 73 15
178 30 25
179 14 33
180 73 69
181 3 98
182 27 42
183 24 61
184 78 8
185 43 52
186 45 3
187 58 56
188 15 66
189 86 69
190 23 74
191 20 60
192 24 47
193 57 87
194 25 65
195 26 79
196 70 40
197 53 10
198 0 57
199 1 3
200 49 71
201 0 37
202 70 84
203 20 49
204 74 69
205 95 54
206 72 53
207 80 0
208 65 98
209 98 7
210 20 50
211 20 21
212 45 81
213 39 59
214 34 100
215 87 7
216 33 11
217 24 16
218 44 32
219 71 10
220 66 12
221 29 29
222 55 10
223 8 54
224 84 9
225 41 28
226 16 79
227 21 69
228 11 15
229 55 79
230 88 70
231 93 69
232 36 21
233 32 90
234 88 18
235 52 70
236 18 90
237 56 30
238 59 65
239 19 83
240 51 0
241 87 64
242 63 54
243 42 38
244 88 53
245 64 76
246 69 27
247 93 84
248 53 73
249 90 72
250 77 33
251 91 46
252 77 55
253 81 75
254 37 3
255 57 100
256 99 37
257 16 64
258 36 37
259 14 86
260 88 22
261 64 92
262 34 33
263 91 5
264 71 29
265 48 99
266 21 15
267 24 69
268 16 82
269 40 90
270 82 76
271 72 54
272 91 93
273 42 0
274 3 70
275 58 62
276 57 8
277 17 54
278 95 58
279 48 79
280 37 85
281 45 82
282 46 42
283 90 46
284 42 23
285 81 99
286 36 1
287 13 3
288 89 31
289 83 67
290 60 26
291 2 36
292 100 12
293 24 91
294 83 49
295 12 16
296 76 61
297 4 10
298 15 27
299 29 21
300 15 78
301 73 71
302 74 10
303 100 81
304 54 85
305 15 84
306 49 61
307 47 74
308 29 8
309 16 54
310 97 18
311 90 71
312 48 3
313 4 58
314 7 19
315 45 98
316 91 19
317 16 0
318 49 95
319 30 1
320 71 82
321 41 69
322 91 63
323 53 84
324 95 1
325 50 100
326 43 38
327 89 36
328 55 39
329 11 73
330 1 50
331 78 33
332 61 15
333 47 41
334 29 12
335 31 12
336 53 39
337 60 98
338 22 99
339 99 12
340 9 36
341 27 55
342 90 5
343 72 2
344 59 42
345 65 95
346 41 29
347 18 53
348 9 47
349 94 73
350 87 0
351 95 20
352 89 28
353 0 97
354 100 36
355 74 15
356 3 11
357 23 52
358 20 77
359 7 100
360 97 98
361 77 77
362 3 81
363 71 55
364 17 71
365 17 23
366 70 18
367 10 14
368 17 58
369 13 23
370 4 73
371 24 34
372 55 35
373 3 32
374 64 73
375 97 31
376 12 98
377 38 95
378 70 53
379 46 57
380 50 43
381 14 37
382 61 93
383 52 39
384 68 82
385 79 60
386 23 25
387 40 67
388 15 64
389 68 59
390 66 37
391 77 3
392 65 30
393 69 69
394 16 98
395 71 35
396 79 70
397 0 50
398 96 86
399 67 73
400 0 56
401 93 39
402 41 95
403 35 21
404 67 90
405 84 73
406 9 89
407 67 58
408 67 10
409 91 90
410 81 34
411 43 60
412 24 49
413 42 20
414 1 59
415 44 93
416 26 25
417 96 41
418 59 82
419 0 20
420 73 97
421 11 84
422 0 77
423 54 23
424 43 28
425 11 21
426 28 20
427 51 55
428 93 65
429 49 62
430 26 63
431 72 85
432 54 30
433 98 67
434 89 54
435 72 92
436 83 10
437 27 84
438 67 54
439 33 91
440 9 71
441 48 12
442 17 72
443 7 97
444 73 83
445 89 100
446 99 20
447 40 64
448 98 31
449 55 100
450 49 41
451 38 30
452 3 6
453 7 29
454 51 20
455 13 0
456 48 58
457 90 39
458 85 14
459 19 44
460 1 99
461 10 61
462 73 14
463 86 47
464 77 47
465 46 23
466 10 27
467 6 73
468 69 93
469 99 3
470 25 84
471 69 86
472 81 57
473 51 87
474 92 0
475 84 93
476 12 66
477 11 3
478 78 44
479 72 48
480 86 95
481 49 88
482 100 8
483 19 24
484 42 40
485 54 59
486 28 28
487 97 15
488 26 88
489 33 79
490 1 65
491 34 8
492 40 54
493 55 88
494 46 92
495 100 24
496 22 32
497 71 80
498 58 10
499 32 13
500 16 89
501 61 0
502 28 37
503 22 54
504 1 43
505 14 55
506 22 95
507 49 52
508 65 56
509 54 15
510 33 89
511 23 5
512 21 9
513 11 66
514 54 52
515 54 94
516 19 57
517 50 25
518 36 59
519 57 55
520 60 69
521 36 90
522 62 21
523 50 56
524 47 55
525 55 76
526 42 3
527 94 91
528 87 8
529 3 62
530 0 8
531 53 52
532 82 86
533 96 69
534 46 82
535 11 14
536 73 88
537 54 78
538 97 73
539 17 32
540 16 94
541 76 35
542 80 75
543 34 13
544 39 17
545 18 87
546 52 68
547 90 21
548 85 48
549 100 97
550 41 91
551 53 74
552 29 75
553 45 34
554 93 92
555 17 12
556 43 59
557 33 99
558 80 50
559 77 35
560 8 96
561 13 96
562 4 80
563 26 8
564 55 81
565 99 19
566 89 95
567 25 86
568 38 96
569 79 98
570 52 78
571 55 50
572 59 96
573 69 9
574 38 41
575 37 0
576 32 94
577 48 52
578 54 14
579 68 21
580 35 64
581 24 100
582 42 31
583 54 66
584 51 39
585 39 61
586 44 46
587 42 43
588 64 5
589 9 87
590 75 56
591 46 24
592 52 65
593 78 39
594 66 55
595 14 82
596 46 28
597 90 53
598 44 0
599 75 78
600 100 40
601 63 55
602 76 10
603 79 75
604 2 12
605 28 50
606 71 38
607 97 94
608 6 24
609 47 58
610 31 95
611 39 56
612 72 68
613 32 100
614 15 97
615 60 97
616 71 53
617 20 78
618 47 84
619 88 48
620 22 77
621 5 9
622 44 36
623 64 33
624 84 88
625 18 41
626 85 38
627 36 86
628 59 80
629 85 63
630 81 2
631 64 67
632 42 21
633 13 52
634 34 86
635 87 63
636 52 12
637 81 73
638 2 95
639 5 46
640 6 12
641 45 17
642 27 57
643 88 77
644 41 41
645 83 5
646 24 3
647 66 11
648 86 100
649 38 0
650 59 85
651 20 4
652 1 98
653 53 35
654 28 5
655 91 42
656 83 59
657 25 53
658 62 78
659 88 96
660 90 67
661 62 7
662 62 29
663 3 37
664 13 44
665 27 71
666 21 3
667 61 89
668 57 34
669 61 18
670 79 31
671 86 9
672 89 92
673 10 41
674 90 85
675 29 16
676 75 82
677 37 98
678 66 48
679 80 38
680 43 76
681 7 42
682 29 82
683 73 70
684 13 62
685 88 21
686 65 89
687 32 12
688 79 77
689 99 54
690 24 44
691 38 62
692 0 22
693 28 84
694 77 29
695 26 17
696 12 42
697 87 10
698 72 72
699 65 63
700 98 82
701 67 83
702 43 17
703 82 90
704 77 72
705 5 95
706 51 11
707 35 18
708 12 56
709 40 53
710 56 39
711 72 64
712 22 35
713 76 4
714 9 0
715 58 64
716 34 84
717 5 52
718 27 20
719 68 24
720 20 32
721 35 19
722 43 62
723 70 67
724 79 12
725 44 13
726 19 36
727 88 34
728 94 43
729 74 12
730 78 7
731 14 91
732 94 14
733 93 6
734 80 24
735 30 48
736 87 19
737 22 73
738 10 9
739 50 80
740 50 3
741 33 64
742 5 27
743 79 79
744 19 87
745 92 41
746 100 9
747 10 53
748 14 41
749 70 41
750 96 21
751 17 55
752 61 91
753 18 71
754 99 95
755 58 44
756 0 81
757 46 3
758 58 98
759 98 87
760 41 12
761 25 43
762 89 14
763 16 78
764 59 54
765 51 83
766 0 73
767 94 5
768 49 56
769 14 98
770 85 25
771 78 91
772 85 30
773 37 87
774 7 93
775 98 12
776 52 52
777 92 87
778 83 94
779 6 89
780 44 30
781 3 71
782 71 45
783 60 36
784 46 91
785 42 48
786 40 97
787 47 72
788 90 37
789 59 95
790 35 32
791 59 23
792 80 91
793 36 68
794 89 50
795 16 90
796 51 31
797 96 36
798 27 83
799 85 19
800 36 82
801 18 78
802 94 0
803 79 21
804 46 8
805 6 59
806 35 23
807 30 47
808 32 76
809 39 93
810 68 5
811 58 59
812 97 41
813 55 43
814 39 8
815 46 16
816 59 47
817 7 70
818 50 42
819 0 40
820 57 36
821 42 8
822 89 32
823 91 97
824 99 43
825 72 87
826 80 92
827 80 16
828 41 100
829 58 1
830 25 13
831 3 51
832 56 10
833 13 31
834 0 76
835 95 8
836 4 48
837 36 67
838 24 7
839 81 29
840 1 79
841 20 54
842 3 82
843 49 18
844 100 18
845 26 18
846 80 90
847 76 94
848 69 25
849 4 85
850 4 29
851 47 59
852 45 53
853 1 27
854 61 17
855 76 70
856 88 4
857 15 67
858 20 96
859 55 34
860 74 28
861 8 16
862 83 66
863 82 68
864 84 48
865 86 99
866 26 52
867 32 87
868 13 86
869 84 45
870 20 45
871 37 48
872 47 60
873 32 15
874 48 96
875 39 83
876 9 94
877 57 37
878 21 65
879 19 2
880 34 0
881 75 8
882 15 31
883 0 78
884 87 57
885 75 42
886 94 1
887 45 40
888 97 19
889 80 10
890 46 39
891 20 34
892 68 79
893 23 1
894 13 68
895 7 3
896 28 35
897 12 44
898 43 32
899 25 98
900 43 15
901 12 80
902 71 85
903 33 53
904 30 27
905 1 17
906 23 14
907 29 64
908 81 53
909 34 46
910 94 24
911 62 49
912 49 69
913 38 59
914 77 20
915 59 64
916 80 61
917 41 26
918 96 31
919 90 7
920 86 58
921 67 43
922 49 47
923 40 25
924 81 27
925 75 91
926 91 53
927 78 50
928 46 100
929 96 52
930 10 5
931 77 92
932 98 37
933 52 4
934 10 47
935 44 58
936 56 21
937 79 92
938 77 28
939 95 23
940 30 36
941 48 25
942 17 50
943 52 86
944 2 19
945 60 72
946 95 98
947 39 53
948 93 7
949 64 100
950 4 76
951 99 30
952 59 53
953 3 30
954 80 56
955 86 84
956 51 32
957 61 82
958 37 43
959 48 23
960 51 34
961 77 64
962 52 47
963 48 19
964 45 59
965 0 89
966 55 47
967 42 63
968 65 7
969 70 33
970 11 32
971 21 97
972 51 9
973 34 34
974 7 1
975 100 87
976 52 22
977 33 8
978 57 32
979 76 42
980 54 60
981 30 37
982 69 45
983 82 24
984 11 88
985 98 54
986 9 92
987 16 80
988 1 90
989 44 52
990 22 60
991 90 94
992 15 51
993 48 44
994 21 22
995 61 57
996 19 98
997 82 81
998 76 18
