# N=999  D=30  Area=100
# id x y
0 50 50
1 31 8
2 59 38
3 45 24
4 35 29
5 46 42
6 79 15
7 84 72
8 20 20
9 29 71
10 69 9
11 68 23
12 86 24
13 46 69
14 66 46
15 53 94
16 21 51
17 97 29
18 30 99
19 84 85
20 11 71
21 26 84
22 63 53
23 42 48
24 13 45
25 54 19
26 96 2
27 29 64
28 32 2
29 28 9
30 87 0
31 39 25
32 54 68
33 58 38
34 62 76
35 85 25
36 13 47
37 47 73
38 16 72
39 16 54
40 88 73
41 70 20
42 63 65
43 74 91
44 14 93
45 8 38
46 99 76
47 50 35
48 22 12
49 34 47
50 39 6
51 65 22
52 39 98
53 66 27
54 87 53
55 95 85
56 18 84
57 89 60
58 0 93
59 93 69
60 35 57
61 60 39
62 70 10
63 9 6
64 97 59
65 94 42
66 65 79
67 66 17
68 35 36
69 77 83
70 48 43
71 81 52
72 79 41
73 86 69
74 74 46
75 66 20
76 37 0
77 76 91
78 26 1
79 84 17
80 36 36
81 32 19
82 35 61
83 99 81
84 67 44
85 95 23
86 13 60
87 19 93
88 73 28
89 21 66
90 54 50
91 90 12
92 11 4
93 82 50
94 90 39
95 46 53
96 81 100
97 1 13
98 69 10
99 32 58
100 97 9
101 52 39
102 54 71
103 65 77
104 55 53
105 67 17
106 46 85
107 35 27
108 25 88
109 41 29
110 25 4
111 8 39
112 64 36
113 36 44
114 98 33
115 96 1
116 18 28
117 28 47
118 45 37
119 30 15
120 56 91
121 34 86
122 5 15
123 87 78
124 54 25
125 43 71
126 100 16
127 58 21
128 13 57
129 27 62
130 46 43
131 65 44
132 68 89
133 27 83
134 84 56
135 30 54
136 47 1
137 20 47
138 90 54
139 2 67
140 4 76
141 91 48
142 4 14
143 38 67
144 10 34
145 100 64
146 28 67
147 37 65
148 24 78
149 41 12
150 23 84
151 15 6
152 38 86
153 71 61
154 82 24
155 40 64
156 72 85
157 40 62
158 28 35
159 17 2
160 16 71
161 26 88
162 59 5
163 73 99
164 38 96
165 76 34
166 89 51
167 70 14
168 56 47
169 68 36
170 1 59
171 52 10
172 96 63
173 24 16
174 20 54
175 54 58
176 70 50
177 30 35
178 1 76
179 88 70
180 98 87
181 38 94
182 75 13
183 4 75
184 88 6
185 26 28
186 31 72
187 82 55
188 91 20
189 89 42
190 24 69
191 45 36
192 23 53
193 12 58
194 49 54
195 59 58
196 5 1
197 11 32
198 88 22
199 32 4
200 86 48
201 63 13
202 61 67
203 68 0
204 23 47
205 32 60
206 69 6
207 77 26
208 49 14
209 26 39
210 95 97
211 88 1
212 10 51
213 33 16
214 34 79
215 19 80
216 95 49
217 17 70
218 1 24
219 3 72
220 97 95
221 48 71
222 66 96
223 40 70
224 72 82
225 33 85
226 92 58
227 70 87
228 40 22
229 86 87
230 0 38
231 86 32
232 56 10
233 100 38
234 19 2
235 63 31
236 42 66
237 23 10
238 19 39
239 56 65
240 57 21
241 3 53
242 55 31
243 2 31
244 6 32
245 85 15
246 5 72
247 36 7
248 7 66
249 10 91
250 45 83
251 48 6
252 62 57
253 5 11
254 37 24
255 1 51
256 53 78
257 95 12
258 22 61
259 94 97
260 5 26
261 24 55
262 53 11
263 56 35
264 19 82
265 46 16
266 31 63
267 98 3
268 15 31
269 75 10
270 20 89
271 45 2
272 16 36
273 53 50
274 76 40
275 11 73
276 10 4
277 86 14
278 72 46
279 97 56
280 42 63
281 25 80
282 2 69
283 76 93
284 28 49
285 96 21
286 8 6
287 82 42
288 25 93
289 30 3
290 26 37
291 76 46
292 12 39
293 36 2
294 64 40
295 86 18
296 86 78
297 36 70
298 17 44
299 52 88
300 13 87
301 17 77
302 36 6
303 90 36
304 96 12
305 98 50
306 51 32
307 59 10
308 50 36
309 86 11
310 71 53
311 69 92
312 79 3
313 4 60
314 52 57
315 82 29
316 82 96
317 26 23
318 31 53
319 6 22
320 50 14
321 57 57
322 55 35
323 64 22
324 59 86
325 58 72
326 23 38
327 48 55
328 15 9
329 65 63
330 24 5
331 52 40
332 68 83
333 85 42
334 47 9
335 60 4
336 79 5
337 80 69
338 57 53
339 73 40
340 79 10
341 33 23
342 56 84
343 69 8
344 67 95
345 74 30
346 73 71
347 5 45
348 23 67
349 3 40
350 81 24
351 92 15
352 46 92
353 43 76
354 93 90
355 22 44
356 95 28
357 27 16
358 74 73
359 33 70
360 97 39
361 90 59
362 79 88
363 27 53
364 63 81
365 19 48
366 23 34
367 71 81
368 85 27
369 92 36
370 65 34
371 31 73
372 27 45
373 0 4
374 51 20
375 28 16
376 96 69
377 32 99
378 75 37
379 37 40
380 61 97
381 23 62
382 58 93
383 0 56
384 13 76
385 37 19
386 51 48
387 63 52
388 8 64
389 97 49
390 39 99
391 87 83
392 74 100
393 31 76
394 70 47
395 27 73
396 76 77
397 86 45
398 90 9
399 46 6
400 89 55
401 78 44
402 74 61
403 66 26
404 72 33
405 16 30
406 90 21
407 71 18
408 96 78
409 70 9
410 3 48
411 54 41
412 10 31
413 7 85
414 2 47
415 62 47
416 75 97
417 99 33
418 22 29
419 73 50
420 77 8
421 18 24
422 66 50
423 46 73
424 0 59
425 41 10
426 46 7
427 42 25
428 86 56
429 43 97
430 31 26
431 17 93
432 89 88
433 81 41
434 55 98
435 46 29
436 89 81
437 71 89
438 31 84
439 4 80
440 0 76
441 41 59
442 73 49
443 58 61
444 97 3
445 51 75
446 25 91
447 69 61
448 91 54
449 10 76
450 38 27
451 53 31
452 93 5
453 6 48
454 45 80
455 31 7
456 78 95
457 20 68
458 55 8
459 90 13
460 20 92
461 20 29
462 4 46
463 0 85
464 39 13
465 85 22
466 24 4
467 55 22
468 56 73
469 41 41
470 48 29
471 70 56
472 50 64
473 100 59
474 19 59
475 25 38
476 30 97
477 26 47
478 75 68
479 71 28
480 28 6
481 76 53
482 77 86
483 74 67
484 25 32
485 8 79
486 11 55
487 69 62
488 2 100
489 11 77
490 91 44
491 15 34
492 14 71
493 80 42
494 6 67
495 3 63
496 36 54
497 89 93
498 15 100
499 77 38
500 85 79
501 43 55
502 12 13
503 28 37
504 6 61
505 24 93
506 49 93
507 67 21
508 49 11
509 14 2
510 62 54
511 70 11
512 97 13
513 54 36
514 17 51
515 87 56
516 60 100
517 76 47
518 89 84
519 85 62
520 39 47
521 18 45
522 36 26
523 40 93
524 64 8
525 37 5
526 54 2
527 63 68
528 93 36
529 41 46
530 40 88
531 82 43
532 26 5
533 91 72
534 95 67
535 26 12
536 53 48
537 61 36
538 87 28
539 94 39
540 2 0
541 89 36
542 14 59
543 46 15
544 49 44
545 54 59
546 70 95
547 98 21
548 75 60
549 5 25
550 61 69
551 5 87
552 94 34
553 38 53
554 31 80
555 48 98
556 4 39
557 7 78
558 2 22
559 18 89
560 57 49
561 76 12
562 98 28
563 61 61
564 60 66
565 75 1
566 27 78
567 51 86
568 9 81
569 81 57
570 40 83
571 12 4
572 86 82
573 92 78
574 32 15
575 47 29
576 42 22
577 89 97
578 23 9
579 18 34
580 15 32
581 35 13
582 37 59
583 38 61
584 89 53
585 78 94
586 45 4
587 92 95
588 12 37
589 74 98
590 53 62
591 8 0
592 78 43
593 57 89
594 97 60
595 40 12
596 98 75
597 94 16
598 63 10
599 66 23
600 6 63
601 33 97
602 1 18
603 23 22
604 77 98
605 13 15
606 42 12
607 100 81
608 93 37
609 54 80
610 60 60
611 22 13
612 34 9
613 77 76
614 30 95
615 27 2
616 97 71
617 42 71
618 93 16
619 37 47
620 68 19
621 90 33
622 100 56
623 37 7
624 39 34
625 81 90
626 96 73
627 39 39
628 49 6
629 100 62
630 84 75
631 25 75
632 18 22
633 86 66
634 2 84
635 59 24
636 35 85
637 68 68
638 24 7
639 51 95
640 0 30
641 21 78
642 32 22
643 7 60
644 45 96
645 0 50
646 25 51
647 78 36
648 20 0
649 73 100
650 68 88
651 83 6
652 17 67
653 70 34
654 65 98
655 25 19
656 41 4
657 99 28
658 45 68
659 12 30
660 2 5
661 65 14
662 12 62
663 69 85
664 76 97
665 19 17
666 91 33
667 94 28
668 61 20
669 87 45
670 59 4
671 33 82
672 78 63
673 56 9
674 49 30
675 29 78
676 75 82
677 79 46
678 63 67
679 60 64
680 99 86
681 27 13
682 86 89
683 45 35
684 77 95
685 58 89
686 74 19
687 29 72
688 96 26
689 90 73
690 37 25
691 89 0
692 21 13
693 47 64
694 93 11
695 32 81
696 62 23
697 72 19
698 10 78
699 66 47
700 29 4
701 10 88
702 85 58
703 94 30
704 52 35
705 90 10
706 99 35
707 5 8
708 35 33
709 75 41
710 90 3
711 87 75
712 19 63
713 99 82
714 9 65
715 92 74
716 96 84
717 96 87
718 48 57
719 36 61
720 11 42
721 14 76
722 49 20
723 47 76
724 23 71
725 62 85
726 6 50
727 18 73
728 36 97
729 4 55
730 54 52
731 44 65
732 72 96
733 33 89
734 0 91
735 49 73
736 34 42
737 83 10
738 63 25
739 30 66
740 81 61
741 85 18
742 53 74
743 83 44
744 30 84
745 92 46
746 2 94
747 72 30
748 49 47
749 39 100
750 55 72
751 81 31
752 79 20
753 42 91
754 27 43
755 82 68
756 51 17
757 49 50
758 22 38
759 51 46
760 0 70
761 58 3
762 2 73
763 29 69
764 57 34
765 5 22
766 76 33
767 78 61
768 58 91
769 58 55
770 82 40
771 32 75
772 73 48
773 35 76
774 61 78
775 42 6
776 35 48
777 52 86
778 40 24
779 69 46
780 31 99
781 43 41
782 99 25
783 12 44
784 52 81
785 51 65
786 15 18
787 98 80
788 93 95
789 21 58
790 1 58
791 76 99
792 42 60
793 94 91
794 70 29
795 60 10
796 71 64
797 88 62
798 34 10
799 61 90
800 78 73
801 81 56
802 50 5
803 32 14
804 8 99
805 33 62
806 31 32
807 17 80
808 58 20
809 44 95
810 86 46
811 83 66
812 14 3
813 51 23
814 22 2
815 60 48
816 57 29
817 93 7
818 2 42
819 33 84
820 34 94
821 70 97
822 59 97
823 24 63
824 70 6
825 43 9
826 55 3
827 35 37
828 47 69
829 58 79
830 28 88
831 82 83
832 14 51
833 50 10
834 4 29
835 54 64
836 19 84
837 89 16
838 54 47
839 84 63
840 25 43
841 34 72
842 68 29
843 15 2
844 88 28
845 19 94
846 1 47
847 63 34
848 65 10
849 79 31
850 92 42
851 72 12
852 68 28
853 73 8
854 94 25
855 95 60
856 46 96
857 48 82
858 28 52
859 43 4
860 11 74
861 16 29
862 70 37
863 90 77
864 69 32
865 77 28
866 40 69
867 44 41
868 47 54
869 46 82
870 3 55
871 36 38
872 26 38
873 36 68
874 28 50
875 53 3
876 92 73
877 81 62
878 82 100
879 25 7
880 40 15
881 40 36
882 61 19
883 28 65
884 55 84
885 44 64
886 26 30
887 43 59
888 51 26
889 37 54
890 13 51
891 99 43
892 13 53
893 9 52
894 82 2
895 58 15
896 34 46
897 95 25
898 5 38
899 46 30
900 87 100
901 13 6
902 97 1
903 19 71
904 13 38
905 58 80
906 47 5
907 42 5
908 11 29
909 72 86
910 64 94
911 30 67
912 74 45
913 96 53
914 26 55
915 34 36
916 14 72
917 95 98
918 66 9
919 77 12
920 30 60
921 35 69
922 4 3
923 9 45
924 96 13
925 77 46
926 51 13
927 1 23
928 77 20
929 89 94
930 13 75
931 93 71
932 18 16
933 94 5
934 44 36
935 91 3
936 74 42
937 53 76
938 96 0
939 41 7
940 36 25
941 29 81
942 56 94
943 17 66
944 28 7
945 95 15
946 17 36
947 69 88
948 98 81
949 10 61
950 44 63
951 69 37
952 94 1
953 62 29
954 72 26
955 78 64
956 3 13
957 64 50
958 70 76
959 75 76
960 70 90
961 88 60
962 38 89
963 60 31
964 57 31
965 91 94
966 31 92
967 42 23
968 16 41
969 15 42
970 33 71
971 48 38
972 14 15
973 80 52
974 70 24
975 93 75
976 99 20
977 36 15
978 27 75
979 77 99
980 21 52
981 8 26
982 81 3
983 38 95
984 40 39
985 93 83
986 33 24
987 85 88
988 59 79
989 5 79
990 76 52
991 60 12
992 33 39
993 95 47
994 28 83
995 43 37
996 67 13
997 57 79
998 44 16
